,1,2,3,4,5,6,7,8,9,10,11,12,13,14,15,16,17,18,19,20,21,22,23,24,25,26,27,28,29,30,31,32,33,34,35,36,37,38,39,40,41,42,43,44,45,46,47,48,49,50,51,52,53,54,55,56,57,58,59,60,61,62,63,64,65,66,67,68,69,70,71,72,73,74,75,76,77,78,79,80,81,82,83,84,85,86,87,88,89,90,91,92,93,94,95,96,97,98,99,100,
1,0,15.29411,12.16873,14.42134,5.367931,10.41747,2.005029,7.054471,13.38677,10.37564,5.140612,3.648542,2.55178,5.227628,9.758743,7.477825,2.311686,9.402739,1.690834,9.417782,15.23567,3.757142,12.67976,12.00343,2.751705,8.528753,7.294619,13.62938,11.51341,4.916716,12.59755,2.716252,6.576369,8.195743,5.720219,8.264817,1.082434,4.0268,8.604156,0.9784237,9.153088,11.26144,4.932167,8.637794,4.54987,9.754333,13.79805,4.461385,6.865283,13.03482,2.596506,9.584769,6.187171,13.65454,11.76177,11.55909,4.054035,3.98241,10.6138,13.96828,4.813573,12.81673,2.622838,10.57107,4.296968,6.550855,5.625567,3.274951,10.36881,5.46593,1.806261,4.365436,10.96171,14.98248,8.814096,5.07911,8.774748,7.17967,6.905457,9.364039,7.179871,6.732245,6.614106,4.808859,7.11711,11.94207,11.93064,2.000625,3.635065,9.703719,7.697165,8.71498,7.353613,3.184936,9.25684,13.30512,2.706359,2.197569,4.872043,13.98197,
2,15.29411,0,3.859204,4.336127,10.21623,5.680511,13.42362,9.166749,4.123188,5.987636,10.18501,15.21725,14.19735,10.66121,6.313574,8.048045,12.98691,8.795368,13.64604,5.8873,0.2679129,12.23445,4.699939,7.105909,15.20747,9.360854,9.6615,4.315322,7.211598,14.35466,2.697992,15.85361,9.788198,7.457682,9.708173,7.766912,16.2177,15.1951,7.647692,16.11233,6.523043,4.399838,12.09413,6.657475,12.53118,6.008296,1.500395,11.83156,9.046926,2.280903,16.51373,7.886275,10.07002,2.95185,3.5933,6.649165,11.32566,11.31728,5.008237,1.351358,11.42451,3.318025,14.44172,4.751137,15.30382,9.340679,9.761755,12.75759,5.029524,11.09279,13.7615,11.20399,4.487803,1.459749,9.002329,13.62521,7.054289,9.436033,10.11498,7.002686,9.104925,8.699776,9.967722,13.63485,8.317729,4.273219,3.490195,15.82009,12.75084,7.474388,8.441387,8.229058,7.947133,12.18032,6.055232,6.087486,14.24118,13.1991,11.07125,5.270304,
3,12.16873,3.859204,0,6.363422,7.638475,1.898699,10.20152,5.514438,5.487065,5.201744,7.313439,11.60018,11.53285,8.228317,2.574264,4.692647,9.873883,8.006287,10.48002,3.458305,3.951707,9.635808,5.536504,7.550977,11.68936,8.221948,5.88883,5.841372,7.399005,10.62351,2.175676,13.19826,7.776712,5.416496,7.034079,4.111666,13.17222,11.54088,3.91469,13.06387,3.023042,0.9814224,8.440324,3.968689,10.25992,4.559237,2.779378,9.411002,6.903006,2.521783,13.76708,7.071392,7.941977,4.562129,2.602674,6.842752,8.461153,8.317428,3.798646,2.996441,9.046442,4.079883,10.95456,2.833746,11.62574,5.804548,6.545455,9.325199,3.301763,8.910478,10.83905,7.866935,1.490202,4.495431,7.952392,9.888869,5.321339,5.707153,6.354972,5.7859,5.432686,6.147181,6.271651,9.92216,5.822166,4.352707,2.836832,13.02567,9.243957,6.649456,4.779747,6.977882,5.161274,9.248553,3.634683,7.271841,10.75192,9.989821,7.585422,6.910885,
4,14.42134,4.336127,6.363422,0,9.055023,7.449272,12.85696,9.95188,1.119603,4.049894,9.433442,15.38245,12.69952,9.241591,7.82556,8.441579,12.27025,5.884172,12.96256,5.827487,4.070119,10.82961,1.74322,3.401934,15.1198,6.693913,10.7455,0.8051276,3.718052,14.92511,4.188081,14.22774,7.998928,6.28961,8.763229,8.782572,15.15465,15.46828,8.876981,15.06027,7.533796,6.19417,12.57091,6.548995,10.67436,4.804489,3.973861,10.23942,7.564152,3.876285,14.97693,5.215642,8.368873,1.810131,4.077062,3.315941,10.40149,10.59728,4.218695,3.834564,9.828782,2.377827,14.32899,4.90239,15.6446,9.836987,9.606527,12.65129,4.769741,9.29963,12.67344,11.06457,5.849998,2.883766,6.312957,14.25642,5.678983,10.39739,11.10551,5.065988,9.949164,7.802763,10.76976,14.18243,7.442017,2.749187,3.787589,14.39312,12.80666,4.937131,9.356702,5.931478,7.542148,11.25614,5.901511,1.991438,14.14644,12.62865,11.24096,1.007693,
5,5.367931,10.21623,7.638475,9.055023,0,6.255283,3.900138,4.312696,8.019417,5.007818,0.9572195,6.861503,3.986477,0.6902608,5.74105,3.513261,3.261849,4.508131,3.946442,4.386614,10.12298,2.030827,7.312718,6.829242,6.378218,3.776949,5.167131,8.261809,6.341737,6.962152,7.540251,5.651655,1.612615,2.858446,0.6346958,4.696983,6.147491,7.057521,5.117948,6.048433,4.926485,6.660277,4.962174,3.705623,2.697738,4.421477,8.71979,1.789974,1.533554,7.935544,6.297835,4.421511,1.311297,8.328512,6.624286,6.301486,1.380494,1.723064,5.333357,8.866558,1.470837,7.504161,5.62169,5.475732,7.294421,3.685327,2.266933,4.144872,5.190595,1.636338,3.65067,2.904392,6.225128,9.739059,3.936141,6.497379,3.415,4.794941,5.116462,4.008785,4.43563,1.530275,4.591172,6.309662,1.903145,6.598752,6.75172,5.60719,4.484899,4.455987,4.500325,3.529439,2.479641,2.207243,4.207642,8.022945,5.4715,3.681393,3.559819,8.644194,
6,10.41747,5.680511,1.898699,7.449272,6.255283,0,8.428186,3.624635,6.426975,5.176892,5.773853,9.705681,9.9922,6.90088,0.6829877,2.974933,8.150468,7.619632,8.726987,2.767202,5.741169,8.168414,6.251893,7.835471,9.812095,7.627667,3.998351,6.794737,7.573211,8.727486,3.482832,11.638,6.717896,4.572323,5.624766,2.232053,11.44511,9.643078,2.016236,11.33638,1.338994,1.348421,6.544149,2.901184,8.945628,4.274583,4.428404,8.044489,5.828439,3.940789,12.1599,6.758684,6.804933,5.75225,3.373677,7.080187,6.886775,6.676068,3.887102,4.647336,7.715807,5.071453,9.086501,2.848552,9.727067,3.95135,4.836987,7.480034,3.23211,7.693252,9.188451,6.071448,1.599403,6.102113,7.428081,7.993272,4.697272,3.808674,4.461408,5.408642,3.538978,4.875476,4.373542,8.024139,4.618632,4.973966,3.662668,11.40534,7.376282,6.379137,2.891532,6.429785,3.822705,7.620709,2.891235,7.922925,8.883898,8.2238,5.733637,7.790502,
7,2.005029,13.42362,10.20152,12.85696,3.900138,8.428186,0,5.052297,11.78672,8.815528,3.427261,3.24247,2.954585,3.98213,7.765046,5.509655,0.6871805,8.298414,0.3963992,7.586781,13.37877,2.937424,11.11641,10.72492,2.576249,7.483031,5.331507,12.05485,10.23624,3.941276,10.73643,4.035508,5.360646,6.568781,4.097864,6.262982,3.070048,3.532962,6.599628,2.96234,7.179914,9.309777,3.171238,6.793501,4.131145,8.093995,11.93591,3.633791,5.432148,11.18582,4.234492,8.308656,4.982908,11.94944,9.939474,10.20096,2.520605,2.259816,8.888227,12.11396,3.859817,11.10092,1.916632,8.744941,3.806032,4.546115,3.6814,1.445091,8.582008,4.529749,1.615542,2.363487,9.034822,13.19443,7.709347,3.825993,7.178376,5.19451,4.963927,7.87155,5.178703,5.059936,4.640481,3.56004,5.430868,10.27474,10.12627,3.492651,1.899132,8.355895,5.69215,7.417311,5.536509,1.778107,7.435131,11.91691,1.833082,0.229847,2.881431,12.50792,
8,7.054471,9.166749,5.514438,9.95188,4.312696,3.624635,5.052297,0,8.836567,6.470914,3.44134,6.08737,7.179333,4.988946,2.942806,1.577814,4.926737,7.746942,5.398082,4.133621,9.188814,5.685066,8.389496,9.117986,6.193202,7.337586,0.9591051,9.181694,8.710709,5.199964,6.667046,8.710172,5.55491,4.59327,3.764279,1.408155,8.122132,6.039796,1.629683,8.014267,2.656433,4.778839,2.934561,3.482522,6.79641,5.458049,7.78591,5.853801,4.850303,7.149014,9.10517,7.184269,5.425357,8.538842,6.152078,8.393528,4.233215,3.829425,5.757932,7.994125,5.665188,7.719463,5.480257,5.092153,6.139487,0.6451501,2.095808,3.930294,5.182147,5.948023,6.122369,2.730966,4.702858,9.331569,7.315908,4.478145,5.11561,0.5449801,1.180225,6.045378,0.1364059,3.699699,0.8296115,4.472393,3.748808,7.208632,6.414089,8.33869,3.776314,6.962393,0.7348782,6.472421,3.01647,4.718969,4.080606,9.765976,5.278174,4.874439,2.199737,9.979451,
9,13.38677,4.123188,5.487065,1.119603,8.019417,6.426975,11.78672,8.836567,0,3.016829,8.359886,14.27469,11.73893,8.241515,6.769358,7.322666,11.21052,5.174489,11.90294,4.709366,3.875271,9.8419,0.7796315,3.028593,14.02348,5.921113,9.637196,0.3677618,3.214991,13.80658,3.330726,13.29665,7.042377,5.219023,7.701623,7.680685,14.14516,14.35679,7.786257,14.04905,6.44291,5.215162,11.4521,5.429451,9.76089,3.708593,3.391309,9.27546,6.552056,3.103851,14.03459,4.406821,7.402226,1.194272,3.06022,2.705774,9.351057,9.528803,3.099092,3.302358,8.861498,1.408369,13.23228,3.805316,14.53127,8.717596,8.497498,11.54996,3.655273,8.360563,11.65557,9.960029,4.830758,2.791762,5.538994,13.13709,4.618776,9.285841,9.992918,4.071836,8.835394,6.727262,9.653136,13.06378,6.360856,1.63025,2.774701,13.43071,11.69853,4.078875,8.247364,5.040026,6.433178,10.21136,4.782127,2.000772,13.04832,11.55778,10.12597,1.425066,
10,10.37564,5.987636,5.201744,4.049894,5.007818,5.176892,8.815528,6.470914,3.016829,0,5.399958,11.43973,8.74295,5.227418,5.221139,4.893228,8.222248,2.919979,8.914351,2.571177,5.816025,6.831497,2.306681,2.734495,11.12535,3.382653,7.375055,3.254217,2.41407,11.11481,3.755124,10.32336,4.066127,2.266452,4.718263,5.592577,11.12834,11.5528,5.827399,11.03222,4.590958,4.448587,8.788291,3.015803,6.819661,1.026,4.651623,6.281589,3.535853,3.932126,11.04992,1.971054,4.41271,3.495641,2.819971,1.977822,6.351659,6.556028,1.403481,4.712643,5.865976,2.772758,10.33736,2.425211,11.74583,6.205634,5.707257,8.682643,1.978132,5.395942,8.639084,7.120296,3.887815,5.110476,3.035421,10.48512,1.643098,6.981668,7.65057,1.087815,6.50362,3.778116,7.232071,10.38071,3.432808,1.777471,2.738054,10.43146,8.875925,1.539981,6.019369,2.248411,3.681475,7.206618,2.535903,3.326278,10.16021,8.58797,7.388767,3.7295,
11,5.140612,10.18501,7.313439,9.433442,0.9572195,5.773853,3.427261,3.44134,8.359886,5.399958,0,6.15196,4.228239,1.576928,5.201416,2.871425,2.874321,5.316733,3.562707,4.297748,10.11581,2.41222,7.694885,7.473065,5.754255,4.642329,4.257339,8.630425,6.993748,6.12061,7.487482,5.887908,2.515798,3.143836,0.7302142,3.998512,6.033978,6.315931,4.415541,5.929104,4.435555,6.353735,4.04186,3.53706,3.384371,4.668141,8.685242,2.43808,2.205108,7.913877,6.457078,5.115458,2.250514,8.540089,6.628897,6.89,1.155914,1.175774,5.485476,8.848969,2.22472,7.695639,4.974449,5.442818,6.538737,2.801366,1.353563,3.390004,5.228648,2.540642,3.584602,2.008127,5.976763,9.841924,4.764367,5.618904,3.75837,3.898858,4.181273,4.494853,3.569688,1.632721,3.658554,5.444757,2.005146,6.852027,6.792084,5.72275,3.678298,5.087255,3.711896,4.235576,2.243223,1.995692,4.131318,8.568735,4.807428,3.198102,2.618366,9.111576,
12,3.648542,15.21725,11.60018,15.38245,6.861503,9.705681,3.24247,6.08737,14.27469,11.43973,6.15196,0,5.87474,7.088219,9.026308,7.214536,3.915955,11.36325,3.449673,9.716297,15.22262,6.179163,13.67691,13.62502,0.8988779,10.59231,5.823149,14.57889,13.14526,1.554082,12.63692,6.364498,8.42923,9.18146,6.880921,7.494519,4.429149,0.38322,7.692672,4.367503,8.697241,10.85461,3.163549,8.930635,7.361106,10.58368,13.79695,6.869196,8.335503,13.11362,6.187933,11.25516,8.070808,14.2365,11.99165,13.0349,5.550752,5.138982,11.22083,13.99758,7.072418,13.38566,1.326177,10.83258,0.648478,5.877904,5.777451,2.768568,10.78418,7.732881,4.63921,4.322594,10.73039,15.25461,10.78399,2.090992,9.808895,5.923111,5.349433,10.61482,6.167521,7.693974,5.339458,1.909098,8.015357,12.67964,12.22338,5.64663,2.576216,11.2391,6.822196,10.36782,7.841536,4.956603,9.59953,14.69011,1.425068,3.395509,4.201984,15.16857,
13,2.55178,14.19735,11.53285,12.69952,3.986477,9.9922,2.954585,7.179333,11.73893,8.74295,4.228239,5.87474,0,3.559945,9.400548,7.046074,2.56499,7.264152,2.598315,8.369109,14.09893,1.963312,10.98886,9.96856,5.032368,6.367953,7.722411,11.93668,9.487211,6.839818,11.5261,1.670266,4.701195,6.776611,4.535961,8.084559,2.725956,6.22367,8.483188,2.662099,8.656605,10.56625,6.01409,7.665855,2.179151,8.315104,12.7029,2.463474,5.241982,11.91762,2.32385,7.609922,4.336763,12.18764,10.60411,9.620825,3.106884,3.385422,9.268555,12.84663,2.87785,11.38888,4.620151,9.461808,6.504108,6.562903,5.25545,4.334448,9.168283,3.411393,1.339153,4.555676,10.16453,13.66929,6.695274,6.776434,7.269434,7.480612,7.447652,7.669167,7.315584,5.514563,7.020144,6.50849,5.88962,10.44278,10.72247,1.693607,4.811925,7.806366,7.662615,6.798362,6.396605,2.462465,8.191207,11.36747,4.610326,2.95115,5.30471,12.13992,
14,5.227628,10.66121,8.228317,9.241591,0.6902608,6.90088,3.98213,4.988946,8.241515,5.227418,1.576928,7.088219,3.559945,0,6.402673,4.198349,3.307077,4.316284,3.959304,4.904509,10.55521,1.610983,7.50948,6.801018,6.532452,3.510504,5.828366,8.461105,6.3104,7.325298,8.00939,5.198287,1.383144,3.218935,1.312752,5.385078,5.913684,7.313472,5.805989,5.820088,5.5797,7.247413,5.444276,4.268516,2.046411,4.755648,9.172884,1.190851,1.695168,8.386026,5.883663,4.376416,1.001153,8.638095,7.0701,6.333667,1.544401,2.017492,5.710103,9.309866,0.8197364,7.832842,5.806087,5.952354,7.562584,4.356745,2.922506,4.451904,5.634104,0.9643417,3.444698,3.381158,6.792165,10.10936,3.727415,6.909118,3.712782,5.46279,5.758146,4.176698,5.113517,2.081424,5.235456,6.705281,2.422039,6.895145,7.176993,5.229065,4.835107,4.477346,5.189653,3.495924,3.094171,2.209238,4.722811,8.077998,5.672889,3.779415,4.09156,8.762561,
15,9.758743,6.313574,2.574264,7.82556,5.74105,0.6829877,7.765046,2.942806,6.769358,5.221139,5.201416,9.026308,9.400548,6.402673,0,2.357236,7.502393,7.475734,8.069273,2.689088,6.362461,7.608861,6.523749,7.932552,9.129128,7.405421,3.34843,7.135765,7.635005,8.06408,4.005458,11.03649,6.327782,4.316827,5.106762,1.549282,10.79234,8.967109,1.344738,10.68358,0.8494595,1.926276,5.86606,2.631288,8.438619,4.257688,5.016414,7.52303,5.445459,4.477076,11.54253,6.656705,6.382753,6.185431,3.762115,7.172525,6.293885,6.059556,4.028026,5.233221,7.210009,5.457771,8.403758,3.043379,9.054167,3.272057,4.204311,6.800385,3.361405,7.231026,8.561789,5.404835,2.034047,6.660698,7.235174,7.330885,4.528425,3.140728,3.805392,5.313839,2.85884,4.42764,3.698709,7.356274,4.206453,5.24684,4.050587,10.78481,6.693654,6.300632,2.209147,6.244709,3.371535,7.00561,2.777108,8.146632,8.201164,7.562913,5.053434,8.093753,
16,7.477825,8.048045,4.692647,8.441579,3.513261,2.974933,5.509655,1.577814,7.322666,4.893228,2.871425,7.214536,7.046074,4.198349,2.357236,0,5.191002,6.296274,5.788191,2.615825,8.035967,5.283469,6.844784,7.546012,7.161077,5.972035,2.499854,7.660637,7.144317,6.53775,5.427467,8.679374,4.418614,3.074035,2.885913,1.200421,8.489956,7.228928,1.617829,8.381377,1.67616,3.806444,4.189338,1.918092,6.191916,3.881887,6.599841,5.256846,3.609293,5.90198,9.188246,5.673625,4.377001,7.10669,4.78874,6.818333,3.940762,3.704118,4.227336,6.795888,4.977232,6.269654,6.393678,3.658259,7.367239,1.401522,1.865588,4.713174,3.686153,5.09612,6.213573,3.191555,3.57598,8.041492,5.907108,5.844808,3.563522,2.096716,2.75736,4.491219,1.616061,2.458792,2.353895,5.795179,2.392958,5.692469,5.030975,8.432137,4.706969,5.427882,1.241865,5.01137,1.560557,4.649834,2.542241,8.192542,6.193194,5.297267,3.029274,8.428164,
17,2.311686,12.98691,9.873883,12.27025,3.261849,8.150468,0.6871805,4.926737,11.21052,8.222248,2.874321,3.915955,2.56499,3.307077,7.502393,5.191002,0,7.622192,0.6924552,7.117769,12.93155,2.266203,10.52757,10.07207,3.263398,6.801632,5.324944,11.47055,9.582574,4.521408,10.29162,3.867001,4.688492,5.992967,3.50892,6.042544,3.299203,4.195402,6.403523,3.190696,6.866955,8.958316,3.449234,6.333449,3.490132,7.534877,11.49228,2.953668,4.795226,10.73203,4.189583,7.651819,4.308221,11.41432,9.466395,9.560872,1.883403,1.699662,8.359324,11.66444,3.173174,10.56992,2.592887,8.273564,4.46513,4.368955,3.328964,1.79251,8.085487,3.842671,1.278625,2.196537,8.651628,12.70213,7.032321,4.333697,6.593294,5.138093,5.000686,7.257003,5.058856,4.496963,4.621207,4.07669,4.875616,9.721807,9.641814,3.425173,2.27468,7.710825,5.515715,6.761836,5.054968,1.098203,6.9595,11.28479,2.496854,0.5227259,2.855165,11.89574,
18,9.402739,8.795368,8.006287,5.884172,4.508131,7.619632,8.298414,7.746942,5.174489,2.919979,5.316733,11.36325,7.264152,4.316284,7.475734,6.296274,7.622192,0,8.265343,4.853127,8.600856,5.645783,4.403176,2.744128,10.84208,0.8974485,8.706013,5.243056,2.286503,11.43687,6.67484,8.630248,2.942281,3.261822,4.605108,7.330049,9.923817,11.56503,7.671504,9.843663,6.694471,7.164219,9.310367,4.874468,5.103755,3.454844,7.532364,4.945894,3.133933,6.836924,9.408806,0.9509203,3.315738,6.04466,5.73569,2.573387,5.822537,6.22612,4.258178,7.574368,4.590301,5.486217,10.10377,5.17278,11.80255,7.278,6.239014,8.651924,4.704657,3.939092,7.597231,7.320235,6.593505,7.751499,0.5917098,10.92827,2.947829,8.291921,8.843151,2.238208,7.82533,4.134454,8.342309,10.7598,4.00902,4.523458,5.657662,8.920722,8.979195,1.383062,7.537924,1.285721,4.747862,6.52399,4.730421,4.227362,9.961896,8.09491,7.85516,5.123234,
19,1.690834,13.64604,10.48002,12.96256,3.946442,8.726987,0.3963992,5.398082,11.90294,8.914351,3.562707,3.449673,2.598315,3.959304,8.069273,5.788191,0.6924552,8.265343,0,7.787072,13.59475,2.781235,11.21982,10.74356,2.716124,7.432186,5.705146,12.16295,10.25358,4.256506,10.95328,3.639717,5.342436,6.685227,4.201361,6.581162,2.732017,3.762509,6.926441,2.623497,7.462982,9.576732,3.567346,6.999055,3.915481,8.226048,12.1538,3.495542,5.478754,11.3972,3.841895,8.320965,4.95855,12.10254,10.13802,10.24076,2.5712,2.387022,9.045916,12.32825,3.756151,11.25728,2.131021,8.944208,4.04004,4.875628,3.940228,1.841,8.763992,4.430931,1.266345,2.685893,9.285784,13.38041,7.674233,4.179229,7.285745,5.557743,5.344532,7.946417,5.526268,5.18793,5.010642,3.910667,5.565744,10.41251,10.31716,3.097745,2.291628,8.388522,6.024074,7.432669,5.727083,1.757287,7.63099,11.96805,2.078476,0.52516,3.244977,12.58504,
20,9.417782,5.8873,3.458305,5.827487,4.386614,2.767202,7.586781,4.133621,4.709366,2.571177,4.297748,9.716297,8.369109,4.904509,2.689088,2.615825,7.117769,4.853127,7.787072,0,5.819915,6.417441,4.26045,5.304832,9.566586,4.900215,4.967414,5.050726,4.977836,9.134915,3.190139,10.03682,4.326381,1.9603,3.842025,3.077518,10.33107,9.762885,3.276139,10.2259,2.019988,2.49985,6.77998,0.7988259,6.892436,1.575805,4.387502,6.095057,3.463559,3.618057,10.66887,3.99493,4.511501,4.524483,2.352694,4.546469,5.439754,5.436213,1.624927,4.552595,5.707861,3.677498,8.780274,1.158161,9.918489,4.015069,4.00027,7.077219,1.07614,5.503071,7.875865,5.481666,1.969326,5.616858,4.679626,8.451323,1.952865,4.599655,5.300004,2.645174,4.13919,2.856341,4.945579,8.391369,2.489476,3.079308,2.546754,9.960011,7.155795,3.623833,3.579421,3.681128,2.064177,6.293025,0.1825815,5.712633,8.58611,7.359176,5.518477,5.854644,
21,15.23567,0.2679129,3.951707,4.070119,10.12298,5.741169,13.37877,9.188814,3.875271,5.816025,10.11581,15.22262,14.09893,10.55521,6.362461,8.035967,12.93155,8.600856,13.59475,5.819915,0,12.13562,4.466069,6.86854,15.19702,9.18108,9.706532,4.060311,6.983207,14.38354,2.642345,15.75138,9.657068,7.34422,9.624799,7.794498,16.14979,15.20721,7.689233,16.04486,6.537718,4.440158,12.11005,6.598277,12.40727,5.874748,1.443903,11.72045,8.928534,2.202008,16.41805,7.698356,9.945221,2.712241,3.50024,6.424016,11.25162,11.25544,4.878591,1.267445,11.31166,3.116066,14.42778,4.67409,15.32045,9.34472,9.726673,12.73898,4.932422,10.96742,13.68618,11.17727,4.494197,1.192021,8.819747,13.656,6.925093,9.471536,10.15607,6.843416,9.130563,8.612597,9.995498,13.66032,8.228852,4.084262,3.378214,15.72958,12.74236,7.289925,8.467356,8.061745,7.883355,12.10967,5.984563,5.832108,14.22782,13.15332,11.06339,5.00772,
22,3.757142,12.23445,9.635808,10.82961,2.030827,8.168414,2.937424,5.685066,9.8419,6.831497,2.41222,6.179163,1.963312,1.610983,7.608861,5.283469,2.266203,5.645783,2.781235,6.417441,12.13562,0,9.103597,8.261531,5.491855,4.774731,6.376003,10.05462,7.772696,6.729727,9.565588,3.622603,2.859556,4.817719,2.605222,6.396334,4.347414,6.461605,6.809736,4.258349,6.829581,8.662048,5.268499,5.729295,1.300333,6.363058,10.74057,0.7234394,3.305022,9.955019,4.28474,5.852935,2.475848,10.24903,8.641156,7.846716,1.455326,1.92079,7.309494,10.88362,1.056906,9.44262,4.853853,7.501873,6.731091,5.042623,3.624287,3.868449,7.205184,1.712979,1.95146,3.384123,8.241802,11.71307,5.056958,6.457882,5.322921,6.071191,6.189479,5.771639,5.819946,3.5611,5.703717,6.217345,3.932263,8.506121,8.759227,3.619308,4.328798,6.001059,6.059623,4.999306,4.47809,1.349591,6.23843,9.597426,4.762744,2.788822,4.178619,10.31976,
23,12.67976,4.699939,5.536504,1.74322,7.312718,6.251893,11.11641,8.389496,0.7796315,2.306681,7.694885,13.67691,10.98886,7.50948,6.523749,6.844784,10.52757,4.403176,11.21982,4.26045,4.466069,9.103597,0,2.409383,13.39581,5.142383,9.226155,0.9516759,2.525137,13.26649,3.466252,12.53674,6.288674,4.551762,7.021281,7.30373,13.42021,13.77252,7.446176,13.32518,6.111557,5.130211,10.91806,4.930238,8.995178,3.094209,3.776319,8.525932,5.826883,3.341985,13.27839,3.627329,6.652872,1.758972,2.97504,1.984097,8.658278,8.856605,2.637002,3.726606,8.113191,1.580349,12.60573,3.490318,13.95497,8.224695,7.908728,10.93508,3.256904,7.601482,10.9358,9.355006,4.685066,3.455001,4.760395,12.61072,3.938049,8.860104,9.559558,3.332989,8.398491,6.065948,9.193726,12.52582,5.708841,1.279377,2.712839,12.68176,11.10343,3.30041,7.836429,4.266615,5.848148,9.513092,4.309213,1.735382,12.42498,10.88834,9.56181,1.597091,
24,12.00343,7.105909,7.550977,3.401934,6.829242,7.835471,10.72492,9.117986,3.028593,2.734495,7.473065,13.62502,9.96856,6.801018,7.932552,7.546012,10.07207,2.744128,10.74356,5.304832,6.86854,8.261531,2.409383,0,13.19653,3.633931,10.04448,2.947224,0.4906337,13.48714,5.671198,11.36798,5.430448,4.619565,6.744302,8.314116,12.58969,13.7841,8.558807,12.50533,7.323792,6.948048,11.22062,5.720694,7.82701,3.751538,6.151386,7.588925,5.308261,5.639121,12.14403,2.424674,5.819828,4.156372,4.959364,0.7602478,8.205095,8.531423,3.950396,6.117503,7.208006,3.930686,12.42865,4.999969,14.00064,8.792853,8.085192,10.86122,4.603761,6.588592,10.20055,9.384878,6.420345,5.818336,3.283278,12.9032,4.032711,9.642721,10.2903,3.117364,9.161967,5.986135,9.845344,12.77111,5.719187,3.255333,4.756782,11.63931,11.12389,2.386209,8.712811,3.310896,6.190518,8.986309,5.269613,1.525863,12.26892,10.50859,9.777542,2.501853,
25,2.751705,15.20747,11.68936,15.1198,6.378218,9.812095,2.576249,6.193202,14.02348,11.12535,5.754255,0.8988779,5.032368,6.532452,9.129128,7.161077,3.263398,10.84208,2.716124,9.566586,15.19702,5.491855,13.39581,13.19653,0,10.04193,6.066005,14.31468,12.71148,2.325868,12.58148,5.467956,7.899803,8.858907,6.471852,7.581233,3.539529,1.280449,7.821311,3.475205,8.722871,10.89536,3.375763,8.770706,6.623021,10.3162,13.7599,6.199486,7.88847,13.052,5.290677,10.7986,7.529083,14.05897,11.88369,12.63665,5.023457,4.665326,11.01349,13.95428,6.435585,13.2057,0.791419,10.7055,1.546369,5.895302,5.572641,2.490467,10.61883,7.105978,3.839452,4.089592,10.72525,15.15872,10.25599,2.713264,9.483685,6.106355,5.60326,10.24853,6.288395,7.35028,5.509245,2.479861,7.693182,12.45369,12.10194,4.748457,2.457897,10.81324,6.922279,9.906874,7.613709,4.346125,9.437361,14.32295,0.9808808,2.761534,4.137065,14.85092,
26,8.528753,9.360854,8.221948,6.693913,3.776949,7.627667,7.483031,7.337586,5.921113,3.382653,4.642329,10.59231,6.367953,3.510504,7.405421,5.972035,6.801632,0.8974485,7.432186,4.900215,9.18108,4.774731,5.142383,3.633931,10.04193,0,8.291089,6.020099,3.168228,10.73799,7.091808,7.735396,2.170809,3.091306,3.958433,7.075197,9.033439,10.80776,7.443108,8.954195,6.58818,7.327815,8.676238,4.774138,4.206309,3.687006,8.033006,4.067832,2.543889,7.303649,8.513076,1.520839,2.52152,6.711781,6.122889,3.409691,5.041571,5.472336,4.599505,8.095215,3.723124,6.089119,9.316106,5.408477,11.05148,6.823631,5.67589,7.912981,4.947966,3.062949,6.725214,6.649359,6.762827,8.398805,0.3824801,10.25857,2.947603,7.879589,8.385983,2.478207,7.427322,3.647948,7.872233,10.07829,3.598804,5.101331,6.083333,8.023289,8.26161,1.899232,7.206958,1.24446,4.412321,5.705029,4.754541,5.100698,9.18093,7.284998,7.232682,5.972278,
27,7.294619,9.6615,5.88883,10.7455,5.167131,3.998351,5.331507,0.9591051,9.637196,7.375055,4.257339,5.823149,7.722411,5.828366,3.34843,2.499854,5.324944,8.706013,5.705146,4.967414,9.706532,6.376003,9.226155,10.04448,6.066005,8.291089,0,9.988853,9.644171,4.740066,7.271872,9.179023,6.475084,5.545599,4.649852,1.987185,8.375965,5.717615,2.018998,8.270355,3.281822,5.266383,2.692524,4.366257,7.547084,6.355087,8.340561,6.615592,5.792704,7.75235,9.508567,8.139654,6.327202,9.26637,6.847504,9.31382,4.92312,4.469676,6.589154,8.554601,6.461526,8.466361,5.419332,5.851103,5.776574,1.500828,2.90595,4.046519,5.986796,6.792381,6.575114,3.17061,5.281229,9.944758,8.273338,4.004682,6.058193,0.4141524,0.4751332,6.987319,0.8897249,4.648202,0.705069,4.053329,4.706359,8.01782,7.120411,8.746831,3.785427,7.912494,1.390787,7.431434,3.973528,5.295056,4.932378,10.64844,5.223193,5.182415,2.472028,10.82156,
28,13.62938,4.315322,5.841372,0.8051276,8.261809,6.794737,12.05485,9.181694,0.3677618,3.254217,8.630425,14.57889,11.93668,8.461105,7.135765,7.660637,11.47055,5.243056,12.16295,5.050726,4.060311,10.05462,0.9516759,2.947224,14.31468,6.020099,9.988853,0,3.1856,14.13071,3.678594,13.47883,7.235744,5.486651,7.962634,8.036449,14.37186,14.66622,8.146342,14.2768,6.803243,5.581079,11.7775,5.760696,9.932568,3.999563,3.678776,9.474257,6.778392,3.434212,14.22293,4.518947,7.601591,1.453399,3.427569,2.71541,9.604075,9.795376,3.433609,3.576327,9.062003,1.767416,13.52388,4.16467,14.84364,9.052874,8.803667,11.84651,4.003495,8.545102,11.88713,10.26034,5.198454,2.933465,5.63768,13.46506,4.877882,9.634983,10.34098,4.284528,9.182405,6.999238,9.996163,13.3884,6.63766,1.973236,3.141739,13.62987,12.0033,4.2147,8.598506,5.195536,6.739477,10.46051,5.118594,1.772182,13.34138,11.8264,10.44155,1.083268,
29,11.51341,7.211598,7.399005,3.718052,6.341737,7.573211,10.23624,8.710709,3.214991,2.41407,6.993748,13.14526,9.487211,6.3104,7.635005,7.144317,9.582574,2.286503,10.25358,4.977836,6.983207,7.772696,2.525137,0.4906337,12.71148,3.168228,9.644171,3.1856,0,13.02254,5.604978,10.89669,4.939957,4.179313,6.264374,7.948211,12.10292,13.30715,8.206573,12.01822,6.997007,6.747778,10.76532,5.34889,7.35083,3.407811,6.174932,7.101861,4.823021,5.614703,11.67114,1.934099,5.329349,4.283278,4.833867,0.5818096,7.716753,8.046168,3.709551,6.158443,6.719698,3.961707,11.9448,4.763189,13.52523,8.369116,7.628617,10.38302,4.346019,6.102639,9.71082,8.914591,6.206573,5.977396,2.811084,12.44437,3.605809,9.239644,9.878655,2.681253,8.758664,5.520745,9.426381,12.30909,5.262255,3.192218,4.652828,11.16055,10.65014,1.907008,8.326013,2.820983,5.75966,8.496302,4.930109,1.943831,11.78594,10.02025,9.318814,2.874697,
30,4.916716,14.35466,10.62351,14.92511,6.962152,8.727486,3.941276,5.199964,13.80658,11.11481,6.12061,1.554082,6.839818,7.325298,8.06408,6.53775,4.521408,11.43687,4.256506,9.134915,14.38354,6.729727,13.26649,13.48714,2.325868,10.73799,4.740066,14.13071,13.02254,0,11.86409,7.585948,8.573833,8.911284,6.838836,6.589121,5.815011,1.246422,6.719827,5.74131,7.85639,9.9564,2.355766,8.382442,7.997147,10.1883,12.98549,7.356876,8.319036,12.34576,7.509939,11.20034,8.249719,13.64412,11.30848,12.8452,5.797312,5.307888,10.71169,13.19402,7.480974,12.80504,2.304006,10.19545,1.163259,5.140685,5.419845,2.895754,10.21081,8.100849,5.521093,4.126778,9.902553,14.52294,10.88009,0.735418,9.530541,4.92419,4.269985,10.39751,5.253562,7.501834,4.388046,0.7435759,7.774197,12.18388,11.55921,6.901393,2.490191,11.12476,5.91639,10.33552,7.437961,5.402381,9.041137,14.42614,2.260143,4.017722,3.728017,14.81016,
31,12.59755,2.697992,2.175676,4.188081,7.540251,3.482832,10.73643,6.667046,3.330726,3.755124,7.487482,12.63692,11.5261,8.00939,4.005458,5.427467,10.29162,6.67484,10.95328,3.190139,2.642345,9.565588,3.466252,5.671198,12.58148,7.091808,7.271872,3.678594,5.604978,11.86409,0,13.18797,7.219399,4.839606,7.019728,5.305701,13.51977,12.63753,5.263139,13.41437,4.015569,2.140569,9.556597,3.960035,9.925054,3.49995,1.200661,9.189789,6.435214,0.4820833,13.83692,5.726139,7.47544,2.391114,0.9848458,5.026052,8.629638,8.619619,2.514105,1.379243,8.788129,1.935273,11.80756,2.064629,12.76242,6.767865,7.087556,10.11356,2.386033,8.496043,11.06571,8.543856,1.992212,2.673038,6.764161,11.14487,4.50275,6.99824,7.70053,4.628812,6.62189,6.016883,7.4889,11.1316,5.637831,2.418404,1.017198,13.13661,10.13198,5.294749,5.965276,5.883901,5.249145,9.482979,3.359468,5.189564,11.60855,10.51098,8.456233,4.755576,
32,2.716252,15.85361,13.19826,14.22774,5.651655,11.638,4.035508,8.710172,13.29665,10.32336,5.887908,6.364498,1.670266,5.198287,11.03649,8.679374,3.867001,8.630248,3.639717,10.03682,15.75138,3.622603,12.53674,11.36798,5.467956,7.735396,9.179023,13.47883,10.89669,7.585948,13.18797,0,6.259057,8.416661,6.206023,9.686868,2.194442,6.742027,10.07768,2.198821,10.30551,12.23336,7.20662,9.335999,3.561058,9.942139,14.36127,4.056667,6.86063,13.57526,0.7875338,9.070659,5.911987,13.79148,12.26052,11.07718,4.75311,4.987341,10.90636,14.50242,4.472351,13.00389,5.282266,11.12443,7.012967,8.112151,6.860932,5.480592,10.82413,4.936089,2.603909,6.016877,11.83427,15.2987,8.085793,7.67096,8.891116,8.970125,8.865932,9.24087,8.845398,7.181172,8.47401,7.397986,7.554337,12.04651,12.37346,0.7408097,5.927955,9.301783,9.233954,8.299131,8.066535,4.044356,9.858489,12.80983,5.334312,4.112963,6.716859,13.623,
33,6.576369,9.788198,7.776712,7.998928,1.612615,6.717896,5.360646,5.55491,7.042377,4.066127,2.515798,8.42923,4.701195,1.383144,6.327782,4.418614,4.688492,2.942281,5.342436,4.326381,9.657068,2.859556,6.288674,5.430448,7.899803,2.170809,6.475084,7.235744,4.939957,8.573833,7.219399,6.259057,0,2.405555,1.888278,5.608845,7.206967,8.639777,6.015927,7.117771,5.478447,6.805223,6.556294,3.861584,2.767415,3.782378,8.331467,2.240754,0.8901652,7.548984,6.992404,3.008738,0.389421,7.547798,6.245205,4.989942,2.8819,3.302063,4.780102,8.44615,1.832279,6.779904,7.162868,5.226112,8.882134,4.97507,3.677775,5.742174,4.842052,1.331892,4.777683,4.508307,6.292583,9.101232,2.357362,8.108567,2.734065,6.077281,6.4975,2.981978,5.662837,1.964087,5.972096,7.922112,2.123915,5.806587,6.306825,6.394654,6.093415,3.141591,5.578568,2.142056,2.981328,3.591358,4.146779,6.73989,7.022991,5.154918,5.132204,7.46335,
34,8.195743,7.457682,5.416496,6.28961,2.858446,4.572323,6.568781,4.59327,5.219023,2.266452,3.143836,9.18146,6.776611,3.218935,4.316827,3.074035,5.992967,3.261822,6.685227,1.9603,7.34422,4.817719,4.551762,4.619565,8.858907,3.091306,5.545599,5.486651,4.179313,8.911284,4.839606,8.416661,2.405555,0,2.48543,4.069255,9.003449,9.302757,4.410248,8.90363,3.496878,4.460046,6.614951,1.687075,5.085855,1.563535,5.979176,4.376361,1.595664,5.192548,9.100359,2.599679,2.638433,5.471029,3.878422,3.944424,4.144829,4.310023,2.491987,6.107597,3.967551,4.645824,8.071007,2.822854,9.501422,4.20505,3.491617,6.420155,2.45383,3.657109,6.506714,4.868638,3.926388,6.895967,2.944214,8.3054,0.6274354,5.13366,5.740093,1.50234,4.656065,1.514409,5.270024,8.185123,1.167372,3.747203,3.968019,8.434055,6.625026,2.370743,4.307779,1.982342,1.590389,5.011473,1.788305,5.524252,7.894226,6.340129,5.185567,5.993855,
35,5.720219,9.708173,7.034079,8.763229,0.6346958,5.624766,4.097864,3.764279,7.701623,4.718263,0.7302142,6.880921,4.535961,1.312752,5.106762,2.885913,3.50892,4.605108,4.201361,3.842025,9.624799,2.605222,7.021281,6.744302,6.471852,3.958433,4.649852,7.962634,6.264374,6.838836,7.019728,6.206023,1.888278,2.48543,0,4.075069,6.560905,7.046132,4.495794,6.458699,4.294068,6.058598,4.719229,3.130029,3.332328,4.036475,8.208519,2.419944,1.480458,7.428275,6.827496,4.385672,1.686261,7.934346,6.125248,6.166454,1.666323,1.839873,4.900017,8.362452,2.105417,7.097589,5.695225,4.957577,7.268819,3.152923,1.795832,4.120097,4.701477,2.225468,4.073766,2.715913,5.637001,9.29035,4.061369,6.323245,3.084824,4.264918,4.637258,3.7854,3.882294,1.019644,4.11044,6.155614,1.406771,6.225056,6.268665,6.118565,4.406076,4.35823,3.904762,3.507134,1.873576,2.536247,3.66661,7.853283,5.530628,3.87082,3.274417,8.414337,
36,8.264817,7.766912,4.111666,8.782572,4.696983,2.232053,6.262982,1.408155,7.680685,5.592577,3.998512,7.494519,8.084559,5.385078,1.549282,1.200421,6.042544,7.330049,6.581162,3.077518,7.794498,6.396334,7.30373,8.314116,7.581233,7.075197,1.987185,8.036449,7.948211,6.589121,5.305701,9.686868,5.608845,4.069255,4.075069,0,9.312031,7.447705,0.4209744,9.203362,1.297153,3.373293,4.342532,2.600004,7.357937,4.567401,6.402358,6.417008,4.783857,5.787467,10.15064,6.636853,5.575787,7.280884,4.860323,7.564853,5.00465,4.702933,4.674503,6.613086,6.15273,6.485565,6.854481,3.880766,7.545309,1.733163,2.829404,5.256527,4.048284,6.292137,7.156214,3.899704,3.323734,7.977715,6.981024,5.861703,4.473869,1.692627,2.397912,5.375328,1.338623,3.645236,2.201165,5.867944,3.546319,6.072352,5.133566,9.386998,5.144386,6.349048,0.6755534,6.046954,2.685918,5.642767,3.073091,8.790142,6.651885,6.067419,3.509017,8.900736,
37,1.082434,16.2177,13.17222,15.15465,6.147491,11.44511,3.070048,8.122132,14.14516,11.12834,6.033978,4.429149,2.725956,5.913684,10.79234,8.489956,3.299203,9.923817,2.732017,10.33107,16.14979,4.347414,13.42021,12.58969,3.539529,9.033439,8.375965,14.37186,12.10292,5.815011,13.51977,2.194442,7.206967,9.003449,6.560905,9.312031,0,4.812315,9.658456,0.1087605,10.16602,12.25256,6.002134,9.562911,4.89167,10.56698,14.7184,5.001159,7.594133,13.94784,1.799546,10.19311,6.822845,14.47447,12.66075,12.1922,4.905833,4.907768,11.45851,14.88291,5.388833,13.6461,3.573094,11.47655,5.06626,7.607297,6.628048,4.356479,11.251,6.001764,2.496902,5.417845,11.93398,15.85084,9.344254,6.048209,9.560532,8.257113,7.987848,10.08883,8.248728,7.580347,7.693952,5.782412,7.967421,12.74624,12.8177,1.46918,4.709307,10.3484,8.755445,9.345792,8.271007,4.041648,10.16527,13.94316,3.684642,3.251118,5.946929,14.66498,
38,4.0268,15.1951,11.54088,15.46828,7.057521,9.643078,3.532962,6.039796,14.35679,11.5528,6.315931,0.38322,6.22367,7.313472,8.967109,7.228928,4.195402,11.56503,3.762509,9.762885,15.20721,6.461605,13.77252,13.7841,1.280449,10.80776,5.717615,14.66622,13.30715,1.246422,12.63753,6.742027,8.639777,9.302757,7.046132,7.447705,4.812315,0,7.627004,4.750722,8.672085,10.8174,3.105238,8.983747,7.662305,10.67836,13.78808,7.142477,8.511597,13.11616,6.570602,11.42933,8.287415,14.28708,12.01571,13.18161,5.770699,5.339885,11.28865,13.99113,7.33145,13.43835,1.631706,10.86696,0.2805002,5.869819,5.863978,2.926613,10.83496,7.98614,4.972077,4.434206,10.71301,15.26916,10.98953,1.857526,9.929788,5.843008,5.242509,10.75151,6.112926,7.828744,5.269594,1.712245,8.139967,12.75298,12.2528,6.025972,2.677758,11.40015,6.77282,10.54533,7.927062,5.213006,9.651716,14.82161,1.700184,3.672824,4.245567,15.27828,
39,8.604156,7.647692,3.91469,8.876981,5.117948,2.016236,6.599628,1.629683,7.786257,5.827399,4.415541,7.692672,8.483188,5.805989,1.344738,1.617829,6.403523,7.671504,6.926441,3.276139,7.689233,6.809736,7.446176,8.558807,7.821311,7.443108,2.018998,8.146342,8.206573,6.719827,5.263139,10.07768,6.015927,4.410248,4.495794,0.4209744,9.658456,7.627004,0,9.549935,1.343459,3.249415,4.529822,2.877042,7.77798,4.807301,6.321882,6.836618,5.183713,5.742194,10.53076,6.954952,5.989139,7.325058,4.89207,7.804725,5.4114,5.098866,4.836132,6.536213,6.573503,6.5499,7.109882,3.981762,7.71117,2.053704,3.228441,5.544911,4.192134,6.712024,7.535297,4.240708,3.270928,7.934356,7.337973,5.986986,4.7854,1.796039,2.467386,5.672262,1.533378,4.05184,2.35741,6.011557,3.940254,6.196366,5.172375,9.766019,5.404941,6.65367,0.9167323,6.392156,3.075332,6.035335,3.292688,8.973806,6.907761,6.408974,3.801499,9.040475,
40,0.9784237,16.11233,13.06387,15.06027,6.048433,11.33638,2.96234,8.014267,14.04905,11.03222,5.929104,4.367503,2.662099,5.820088,10.68358,8.381377,3.190696,9.843663,2.623497,10.2259,16.04486,4.258349,13.32518,12.50533,3.475205,8.954195,8.270355,14.2768,12.01822,5.74131,13.41437,2.198821,7.117771,8.90363,6.458699,9.203362,0.1087605,4.750722,9.549935,0,10.05745,12.14451,5.902956,9.457152,4.821487,10.46713,14.61313,4.916409,7.498681,13.84289,1.840687,10.10659,6.733096,14.37457,12.55641,12.10436,4.80244,4.801305,11.35693,14.77791,5.302081,13.54558,3.490809,11.37183,5.006817,7.498873,6.519583,4.253274,11.1474,5.918363,2.397809,5.309358,11.82651,15.74826,9.263209,5.965554,9.462106,8.150378,7.883177,9.994315,8.140951,7.478019,7.587789,5.699032,7.865058,12.64714,12.71397,1.465748,4.608884,10.25935,8.647066,9.257437,8.165462,3.937525,10.0603,13.85524,3.599073,3.142833,5.839854,14.57398,
41,9.153088,6.523043,3.023042,7.533796,4.926485,1.338994,7.179914,2.656433,6.44291,4.590958,4.435555,8.697241,8.656605,5.5797,0.8494595,1.67616,6.866955,6.694471,7.462982,2.019988,6.537718,6.829581,6.111557,7.323792,8.722871,6.58818,3.281822,6.803243,6.997007,7.85639,4.015569,10.30551,5.478447,3.496878,4.294068,1.297153,10.16602,8.672085,1.343459,10.05745,0,2.173417,5.572497,1.823077,7.621202,3.590955,5.129821,6.713858,4.596008,4.497636,10.83611,5.902977,5.536169,5.996377,3.56921,6.564821,5.552807,5.355793,3.518342,5.337726,6.391438,5.212214,7.972865,2.638986,8.782845,2.829789,3.539739,6.321042,2.864898,6.39397,7.874229,4.844464,2.04687,6.685408,6.430555,7.133732,3.749425,2.987499,3.694701,4.573813,2.607052,3.584518,3.474348,7.128118,3.357694,4.856382,3.845404,10.08423,6.266726,5.564077,1.949771,5.446852,2.52769,6.29812,2.072465,7.663265,7.770656,6.969397,4.593494,7.703749,
42,11.26144,4.399838,0.9814224,6.19417,6.660277,1.348421,9.309777,4.778839,5.215162,4.448587,6.353735,10.85461,10.56625,7.247413,1.926276,3.806444,8.958316,7.164219,9.576732,2.49985,4.440158,8.662048,5.130211,6.948048,10.89536,7.327815,5.266383,5.581079,6.747778,9.9564,2.140569,12.23336,6.805223,4.460046,6.058598,3.373293,12.25256,10.8174,3.249415,12.14451,2.173417,0,7.712501,2.987471,9.278503,3.710218,3.092497,8.430754,5.92848,2.593568,12.81047,6.244447,6.964913,4.455419,2.165506,6.213523,7.504944,7.377612,3.057686,3.310184,8.065351,3.825924,10.14628,2.025583,10.91811,5.000588,5.636559,8.491923,2.485533,7.930387,9.896355,6.996933,0.5707859,4.755137,7.073631,9.226164,4.400714,5.036215,5.716677,4.928703,4.711835,5.166142,5.571554,9.239136,4.840798,3.87669,2.44449,12.07259,8.439816,5.831755,4.048798,6.087605,4.18511,8.302718,2.672676,6.845493,9.944058,9.0945,6.766874,6.612346,
43,4.932167,12.09413,8.440324,12.57091,4.962174,6.544149,3.171238,2.934561,11.4521,8.788291,4.04186,3.163549,6.01409,5.444276,5.86606,4.189338,3.449234,9.310367,3.567346,6.77998,12.11005,5.268499,10.91806,11.22062,3.375763,8.676238,2.692524,11.7775,10.76532,2.355766,9.556597,7.20662,6.556294,6.614951,4.719229,4.342532,6.002134,3.105238,4.529822,5.902956,5.572497,7.712501,0,6.026775,6.5666,7.847432,10.69656,5.766804,6.176765,10.03695,7.37872,8.991821,6.273459,11.29285,8.971172,10.55892,4.031891,3.501423,8.356353,10.90163,5.785199,10.45212,2.75914,7.847417,3.210398,2.799671,3.136897,1.726465,7.856022,6.326712,4.705442,2.064817,7.61687,12.20338,8.777232,1.696965,7.226524,2.762494,2.22765,8.112343,3.008946,5.261235,2.17604,1.612301,5.50307,9.82859,9.217864,6.651434,1.302317,8.883568,3.667823,8.149776,5.106856,3.938932,6.685421,12.10854,2.570252,3.104614,1.458181,12.46862,
44,8.637794,6.657475,3.968689,6.548995,3.705623,2.901184,6.793501,3.482522,5.429451,3.015803,3.53706,8.930635,7.665855,4.268516,2.631288,1.918092,6.333449,4.874468,6.999055,0.7988259,6.598277,5.729295,4.930238,5.720694,8.770706,4.774138,4.366257,5.760696,5.34889,8.382442,3.960035,9.335999,3.861584,1.687075,3.130029,2.600004,9.562911,8.983747,2.877042,9.457152,1.823077,2.987471,6.026775,0,6.292715,1.991611,5.16036,5.456346,2.973689,4.39868,9.950397,4.103274,3.992979,5.305885,3.147776,4.976048,4.687484,4.65984,2.330828,5.331048,5.084051,4.455495,7.983753,1.954076,9.143914,3.295436,3.202216,6.280807,1.853705,4.945325,7.121344,4.684267,2.524055,6.415231,4.608715,7.708289,1.936328,3.979022,4.66157,2.798752,3.505022,2.188973,4.271692,7.639064,1.853893,3.802847,3.345401,9.231998,6.365777,3.784658,3.003668,3.62378,1.293846,5.531836,0.6689551,6.285619,7.79004,6.566352,4.738187,6.510794,
