,1,2,3,4,5,6,7,8,9,10,11,12,13,14,15,16,17,18,19,20,21,22,23,24,25,26,27,28,29,30,31,32,33,34,35,36,37,38,39,40,41,42,43,44,45,46,47,48,49,50,51,52,53,54,55,56,57,58,59,60,61,62,63,64,65,66,67,68,69,70,71,72,73,74,75,76,77,78,79,80,81,82,83,84,85,86,87,88,89,90,91,92,93,94,95,96,97,98,99,100,
1,0,5.172318,13.03782,11.96638,9.636568,7.243286,7.938479,4.691366,10.06612,4.065769,14.26854,3.615818,3.135422,7.93938,4.306703,7.210555,7.219335,11.98107,10.62596,14.56071,3.030062,1.420413,4.279405,5.794794,4.112706,4.645363,3.736766,12.28277,13.80044,6.381666,6.779761,13.49144,2.957978,6.807477,10.83751,3.396967,14.72235,5.597731,4.192807,1.692188,11.02374,7.080202,2.43434,6.819164,13.02425,9.858484,4.97784,12.61471,3.553229,8.822716,4.502203,6.487738,7.832944,8.855993,4.317394,10.51419,11.99126,1.767467,3.432795,5.002879,8.909166,14.33775,3.051059,6.856613,4.809595,8.54905,3.263992,12.37619,6.655274,6.447968,5.508238,13.01446,4.679203,6.291742,4.740335,7.106943,0.7868866,8.628909,4.462017,5.488375,9.496918,9.11198,10.97175,6.63422,9.54841,11.06909,9.433028,11.80373,4.350893,4.559834,9.371221,13.26801,13.54042,12.60832,2.774342,7.551727,3.765116,7.643677,6.899262,7.569313,
2,5.172318,0,14.50042,11.15134,8.317895,5.439641,9.444613,6.760996,9.762277,1.738312,13.3709,6.779703,4.436002,4.695605,0.9085723,7.770804,6.948486,13.9094,9.615459,14.58654,2.62764,5.46364,6.623135,2.657726,1.728203,4.314029,1.822771,14.14372,13.73337,4.652779,4.231938,12.83813,2.75928,2.849704,10.33268,4.517129,14.21035,0.4529679,4.065935,3.75189,9.665392,9.303069,3.1734,5.100306,13.44198,11.5747,1.602986,12.7252,3.507257,9.80359,3.294357,9.000118,4.640639,9.143091,4.308669,11.45507,10.59761,4.937373,5.771007,7.960003,6.185957,13.80884,2.318875,6.048,2.964092,5.838381,2.007893,13.33195,1.505858,2.136713,0.5474609,12.87658,0.5716673,5.335208,2.233305,1.961172,5.274389,7.808522,0.7400648,7.277638,7.166094,9.373252,12.41836,4.750233,10.01724,9.453974,11.33128,11.65969,6.999381,5.917265,8.737721,13.80019,14.33325,13.89561,2.839487,3.69848,6.836102,9.745794,9.431767,2.56862,
3,13.03782,14.50042,0,6.006025,7.741565,9.705806,5.214991,8.443443,5.631584,12.89131,6.304476,9.432362,10.70823,11.56128,14.3634,6.730583,7.679152,1.521652,6.772256,4.058973,12.52406,11.61798,8.810022,12.16877,12.88197,10.21632,12.99359,1.232302,4.108848,10.15514,10.95711,5.558904,14.74316,12.83122,5.645557,10.49699,5.457181,14.55169,10.54021,12.51258,7.391569,5.965496,12.40199,9.850863,2.825046,3.179411,12.92838,3.667738,11.27444,4.69699,11.21662,6.593042,11.50283,5.529598,10.2886,3.116878,7.335117,11.43531,9.746917,8.098251,10.49337,5.390709,14.33823,8.655533,11.54039,10.55299,13.27562,1.631733,14.96545,13.36317,15.04145,4.248707,14.03425,9.294843,12.27046,15.14178,12.2518,7.401301,14.01946,7.683901,9.660454,5.351098,2.115448,10.18138,4.672232,7.930896,3.619795,4.490205,8.689285,8.938333,6.635983,2.512729,1.844601,0.7084411,14.58278,12.58084,9.279084,5.399389,6.219732,14.76351,
4,11.96638,11.15134,6.006025,0,2.85107,5.711699,5.394289,7.643706,2.000531,9.962599,2.317463,9.062898,8.892756,6.97227,11.3774,4.903168,4.765281,6.678831,1.536847,3.733299,10.10981,10.7058,8.080981,8.499894,9.932461,7.630677,10.20901,6.645831,2.904822,6.53189,6.952315,1.687267,12.46031,8.703851,1.203778,8.62745,3.06317,11.02741,8.091761,10.74625,1.713118,6.738055,10.29558,6.062953,3.410398,5.53558,9.588973,2.450122,8.903972,4.283545,8.338744,7.326743,6.96156,3.424802,7.884953,3.870767,1.33474,10.20424,8.658691,8.342559,5.532601,2.663614,11.92691,5.348526,8.425677,5.748346,10.69591,4.378655,11.05787,9.397983,11.62136,2.144163,10.85333,6.054506,9.08039,11.0796,11.25667,3.461571,10.93227,6.939487,4.492062,3.218288,5.095336,6.407568,3.213089,2.184704,5.903822,1.527256,8.270267,7.449605,2.612164,3.833246,4.632618,5.324532,12.35642,8.144898,8.914947,6.419603,7.278678,10.47424,
5,9.636568,8.317895,7.741565,2.85107,0,2.8869,4.834144,5.844369,2.110387,7.2041,5.058192,7.240388,6.501889,4.173174,8.583695,3.370933,2.580548,7.910434,1.320835,6.475536,7.462136,8.505832,6.239064,5.661608,7.170774,5.073859,7.472676,7.991786,5.619373,3.745813,4.104407,4.535701,9.775608,5.858569,2.279662,6.239636,5.913219,8.182528,5.544083,8.254044,1.41805,5.951624,7.723757,3.262942,5.713542,6.033525,6.77242,4.822918,6.326126,4.082241,5.647121,6.351274,4.151612,2.80373,5.369681,4.811706,2.397017,7.923421,6.577855,6.909524,2.838518,5.514391,9.226567,2.785438,5.674088,2.98844,7.989894,6.184733,8.209784,6.548027,8.779898,4.78044,8.040201,3.418503,6.295457,8.24096,8.991199,1.158772,8.130346,5.317066,1.921411,2.809865,6.15367,3.596556,3.355189,1.447495,6.187142,3.690808,6.540112,5.362946,1.217141,6.130055,6.843464,7.03521,9.68655,5.33099,7.114228,5.867735,6.477278,7.658078,
6,7.243286,5.439641,9.705806,5.711699,2.8869,0,5.366271,4.563746,4.437503,4.346242,7.945068,5.702614,4.192075,1.985696,5.700324,3.402444,2.175038,9.474282,4.176015,9.203385,4.723992,6.333307,4.820384,2.791359,4.310399,2.618955,4.633296,9.639229,8.345337,0.9107652,1.297207,7.398532,6.968266,3.169991,4.931402,3.95961,8.771381,5.324999,3.054428,5.697358,4.267821,5.948663,5.077856,0.4297349,8.194001,7.244283,3.885607,7.402179,3.727689,5.205309,2.898802,6.0485,1.899194,4.178626,2.959512,6.590551,5.227655,5.673944,4.748168,5.942486,1.862278,8.370108,6.408353,1.27122,2.838475,1.585506,5.176321,8.325079,5.453791,3.788998,5.913159,7.489586,5.153306,1.177754,3.421013,5.548753,6.706086,2.450121,5.24479,4.419685,2.254403,4.356,7.782409,0.7176284,5.035177,4.128223,7.188707,6.300442,5.231593,3.731338,3.370601,8.58096,9.198524,9.035562,6.894104,2.881598,5.622794,6.136965,6.349509,5.082802,
7,7.938479,9.444613,5.214991,5.394289,4.834144,5.366271,0,3.265006,3.507789,7.775061,7.334627,4.419321,5.494227,7.351953,9.224411,1.964301,3.201508,4.466426,4.803342,6.859431,7.331115,6.523678,3.660959,7.3373,7.77071,5.13102,7.845365,4.709403,6.205158,5.507328,6.421851,6.424266,9.528622,8.184586,4.229328,5.286391,7.379482,9.548108,5.404351,7.304006,5.524212,1.351154,7.189008,5.349139,5.206782,2.134565,7.924602,5.001897,6.099652,1.140606,6.154082,1.985306,7.264129,2.138499,5.154815,2.614307,6.17175,6.270776,4.565248,3.279825,6.779285,7.047433,9.129245,4.1155,6.532777,6.680974,8.090971,4.438838,10.09291,8.594489,9.991506,5.545794,8.946106,4.578683,7.248433,10.33251,7.153266,3.841726,8.909169,2.484016,6.345024,2.261335,3.101646,5.616109,2.197295,5.926941,1.907598,4.518695,3.618651,3.726179,3.701699,5.39734,5.608561,4.712785,9.367841,8.148164,4.260008,1.063291,1.88596,10.08982,
8,4.691366,6.760996,8.443443,7.643706,5.844369,4.563746,3.265006,0,5.656637,5.023253,9.872442,1.42574,2.412226,6.256176,6.354424,2.740549,3.2729,7.527396,6.509095,9.911529,4.339664,3.289857,0.4420652,5.259737,5.032832,2.777016,4.997325,7.806508,9.177165,4.136378,5.023744,9.03408,6.369115,6.329531,6.455078,2.268989,10.18617,6.966193,2.80482,4.085505,7.064266,2.639843,4.075052,4.288839,8.343513,5.282202,5.436907,7.978395,3.254118,4.135908,3.695563,2.246298,6.144358,4.314223,2.607136,5.823033,7.958231,3.005792,1.303931,1.427563,6.408025,9.815516,6.021483,3.496779,4.173131,6.14901,5.111556,7.692765,7.720218,6.498169,7.299682,8.421278,6.210797,3.3943,4.775113,8.050022,3.911033,4.695262,6.122299,0.7975975,6.500291,4.560795,6.344366,4.364797,4.918666,7.264916,4.911956,7.246042,0.703909,0.9600568,5.196672,8.579325,8.852216,7.969971,6.198228,6.620847,1.285401,3.157361,2.68382,8.028596,
9,10.06612,9.762277,5.631584,2.000531,2.110387,4.437503,3.507789,5.656637,0,8.409765,4.225301,7.071281,7.047627,6.088889,9.871207,2.919835,2.976029,5.844754,1.395482,4.832351,8.419322,8.77141,6.095933,7.175628,8.385305,5.91153,8.619077,5.908141,3.986764,5.119126,5.7345,3.42532,10.78189,7.596085,0.7999518,6.78494,4.686633,9.701047,6.354395,8.932199,2.137108,4.823429,8.539046,4.702837,3.762756,4.146181,8.164098,2.971051,7.172719,2.471518,6.726159,5.379969,6.047347,1.438349,6.129799,2.747589,2.668966,8.298888,6.710047,6.346189,4.892317,4.293043,10.27083,3.740136,6.890916,4.988592,9.059997,4.086545,9.890224,8.226453,10.26611,3.134631,9.400329,4.464938,7.590036,9.982997,9.338421,1.987419,9.449856,4.942241,4.029047,1.2571,4.098388,5.056747,1.47766,2.624644,4.397269,1.901522,6.274393,5.517259,1.0796,4.158646,4.818703,4.925697,10.66337,7.192553,6.922001,4.563107,5.369094,9.481226,
10,4.065769,1.738312,12.89131,9.962599,7.2041,4.346242,7.775061,5.023253,8.409765,0,12.24259,5.082798,2.71065,4.246809,1.484604,6.186463,5.490269,12.24069,8.44705,13.2383,1.086276,4.003762,4.886775,1.943392,0.04932327,2.676014,0.3595324,12.48359,12.39621,3.459537,3.362416,11.63453,2.675205,2.794195,9.043577,2.780949,12.98818,1.982335,2.37119,2.422548,8.605113,7.578104,1.709655,3.946481,11.99707,9.909431,0.9171768,11.33471,1.769187,8.205448,1.706889,7.263993,4.158171,7.647002,2.620257,9.890128,9.570924,3.398882,4.048778,6.229451,5.537532,12.58599,2.104791,4.672287,1.536922,5.166729,0.9525042,11.78806,2.893421,2.382312,2.276744,11.54427,1.191034,3.947668,0.9508832,3.303011,3.954543,6.526632,1.134128,5.552796,6.382738,7.888047,10.79298,3.62873,8.507525,8.473311,9.645992,10.30944,5.267436,4.189922,7.438723,12.33709,12.82757,12.30606,2.63393,3.601674,5.130101,8.030886,7.696697,3.595437,
11,14.26854,13.3709,6.304476,2.317463,5.058192,7.945068,7.334627,9.872442,4.225301,12.24259,0,11.27858,11.20627,9.016654,13.6386,7.142676,7.080151,7.399611,3.796842,2.655669,12.4192,12.99126,10.31321,10.71322,12.21099,9.945994,12.49796,7.26595,2.225007,8.793823,9.144898,0.9273116,14.76513,10.82228,3.437054,10.94117,1.250612,13.22187,10.40796,13.06325,3.718714,8.681679,12.61195,8.315862,3.494185,6.936759,11.83061,2.839556,11.21921,6.194024,10.63791,9.316276,9.021586,5.575239,10.20208,5.251396,2.855585,12.50373,10.93365,10.45938,7.508392,1.036109,14.22788,7.658056,10.70685,7.774442,12.99447,4.876246,13.17837,11.53734,13.82456,2.165958,13.09837,8.35824,11.34606,13.16334,13.5511,5.771892,13.18717,9.139939,6.443671,5.341071,6.163899,8.653211,5.155735,4.017492,7.394456,2.832004,10.47306,9.734591,4.929255,3.794077,4.537602,5.74987,14.66398,10.19596,11.12689,8.285771,9.202725,12.50871,
12,3.615818,6.779703,9.432362,9.062898,7.240388,5.702614,4.419321,1.42574,7.071281,5.082798,11.27858,0,2.399107,7.200772,6.206415,4.161401,4.660505,8.366648,7.933769,11.21424,4.175191,2.205105,1.004329,5.814246,5.105478,3.467417,4.957007,8.667357,10.50501,5.127408,5.928779,10.43023,5.805613,6.938392,7.870724,2.409813,11.55652,7.063544,3.2992,3.487514,8.482109,3.468279,3.734315,5.372859,9.60356,6.255201,5.698398,9.300158,3.415272,5.405734,4.154513,2.873148,7.085944,5.708065,3.188802,7.030873,9.38164,2.191852,1.112397,1.410983,7.564885,11.19173,5.567688,4.764667,4.645863,7.274538,4.901802,8.844221,7.946032,6.961517,7.287596,9.771067,6.208887,4.528082,5.101579,8.3256,2.83499,6.099276,6.07429,2.1415,7.768714,5.949632,7.384112,5.378432,6.263826,8.670223,5.820737,8.617382,0.8193065,1.986011,6.621484,9.811492,10.02058,9.022167,5.619687,7.373735,0.1595766,4.033494,3.289909,8.444379,
13,3.135422,4.436002,10.70823,8.892756,6.501889,4.192075,5.494227,2.412226,7.047627,2.71065,11.20627,2.399107,0,5.237908,3.959018,4.315169,4.127793,9.88485,7.514714,11.69939,1.929641,2.146849,2.207113,3.515238,2.729185,1.576187,2.629036,10.1529,10.90359,3.390359,3.980045,10.46109,4.035136,4.646952,7.796404,0.265626,11.73232,4.691585,1.184683,1.901395,7.89304,5.045218,1.695797,3.782012,10.26038,7.595154,3.2999,9.748368,1.020473,6.162708,1.869146,4.649453,5.123884,5.948048,1.233675,7.891563,8.863379,1.482008,1.338287,3.524696,5.958312,11.34021,3.642536,3.721229,2.339017,5.616581,2.700447,9.802437,5.550198,4.596894,4.961095,10.08795,3.871287,3.172833,2.716105,5.926765,2.527157,5.509468,3.759996,3.068406,6.438986,6.205245,8.593336,3.652535,6.720437,7.933674,7.26348,8.855626,2.566082,1.77137,6.283687,10.54757,10.92151,10.18625,3.876784,5.184217,2.432241,5.546407,5.089617,6.05757,
14,7.93938,4.695605,11.56128,6.97227,4.173174,1.985696,7.351953,6.256176,6.088889,4.246809,9.016654,7.200772,5.237908,0,5.247596,5.388008,4.158149,11.41203,5.478752,10.64675,5.02011,7.328052,6.435576,2.304819,4.199534,3.769607,4.599406,11.56436,9.791636,2.120325,1.276493,8.627347,6.885109,1.883353,6.431363,5.066879,9.999225,4.431329,4.06459,6.263312,5.322703,7.898177,5.541728,2.063089,9.830734,9.210435,3.461843,8.971983,4.450113,7.159477,3.470698,7.951556,0.115224,6.070891,4.088607,8.462969,6.167044,6.637803,6.140584,7.677273,1.538833,9.608706,6.317511,3.246814,3.129817,1.242478,5.195563,10.11588,4.194037,2.625113,5.047386,8.953572,4.613651,2.95421,3.336775,4.149148,7.560699,4.170128,4.778076,6.248296,2.589017,6.223663,9.698297,1.902913,6.898038,5.001936,9.16861,7.84256,6.869565,5.337594,5.013369,10.23672,10.90743,10.87647,6.864491,1.179529,7.150313,8.10956,8.275642,3.503912,
15,4.306703,0.9085723,14.3634,11.3774,8.583695,5.700324,9.224411,6.354424,9.871207,1.484604,13.6386,6.206415,3.959018,5.247596,0,7.668017,6.968212,13.68512,9.851504,14.70283,2.043158,4.70926,6.165846,3.031081,1.501296,4.154556,1.380396,13.93353,13.85772,4.846809,4.591841,13.05678,1.871517,3.493418,10.48917,4.085446,14.41795,1.360461,3.826169,2.981041,9.966959,8.957964,2.494207,5.322742,13.47759,11.35853,1.845152,12.80676,3.142596,9.683019,3.190722,8.599885,5.178342,9.130632,4.077471,11.3722,10.92085,4.236686,5.262353,7.460402,6.674592,14.0156,1.411085,6.131072,2.980346,6.313347,1.307112,13.27162,2.412503,2.841748,1.206527,13.00403,0.644745,5.406342,2.297566,2.86737,4.464775,7.964809,0.4721375,6.940919,7.601238,9.371012,12.2609,4.987299,9.991941,9.799653,11.07997,11.77241,6.512527,5.580112,8.884323,13.81951,14.31215,13.78329,1.939502,4.357027,6.278741,9.430837,9.038191,3.46777,
16,7.210555,7.770804,6.730583,4.903168,3.370933,3.402444,1.964301,2.740549,2.919835,6.186463,7.142676,4.161401,4.315169,5.388008,7.668017,0,1.249049,6.243217,3.817748,7.390429,5.936119,5.880528,3.178115,5.490588,6.17405,3.514471,6.315785,6.447241,6.606535,3.576345,4.474945,6.320556,8.257372,6.272578,3.716589,4.065058,7.517234,7.823261,3.879337,6.215664,4.427971,2.709251,5.930808,3.390928,5.9524,3.936449,6.198571,5.438601,4.662611,2.033839,4.495236,3.012205,5.299877,1.647717,3.630556,3.704287,5.273602,5.446863,3.810879,3.58328,4.880562,7.136526,7.794734,2.152985,4.809806,4.754599,6.654347,5.608133,8.278751,6.725634,8.31115,5.807648,7.311862,2.657637,5.539959,8.487773,6.46395,2.232136,7.306265,2.059401,4.566555,1.904791,4.663046,3.66845,2.408421,4.701437,3.818959,4.593178,3.377523,2.653248,2.514482,6.252554,6.676998,6.126846,8.116937,6.195823,4.015005,2.786798,3.195374,8.194148,
17,7.219335,6.948486,7.679152,4.765281,2.580548,2.175038,3.201508,3.2729,2.976029,5.490269,7.080151,4.660505,4.127793,4.158149,6.968212,1.249049,0,7.340519,3.41201,7.768917,5.445106,6.00796,3.660465,4.498637,5.469602,2.936837,5.677235,7.520606,6.937429,2.478138,3.321311,6.351733,7.807393,5.170567,3.689298,3.862386,7.651415,6.944741,3.378428,5.98637,3.870422,3.915353,5.567491,2.215019,6.510807,5.081224,5.347793,5.84975,4.196775,3.066109,3.78825,4.137561,4.073733,2.200261,3.155281,4.573306,4.812039,5.467718,4.023522,4.420607,3.645711,7.254273,7.30034,0.9824143,4.006237,3.508359,6.097251,6.40687,7.292586,5.684203,7.473993,6.094198,6.539576,1.629195,4.728014,7.462633,6.530277,1.454813,6.56677,2.807984,3.417995,2.425482,5.68433,2.524009,3.078656,4.017193,5.014056,4.85296,3.973184,2.80062,2.156272,6.858867,7.385623,7.03489,7.687697,5.017472,4.535731,4.03036,4.372207,7.103811,
18,11.98107,13.9094,1.521652,6.678831,7.910434,9.474282,4.466426,7.527396,5.844754,12.24069,7.399611,8.366648,9.88485,11.41203,13.68512,6.243217,7.340519,0,7.142278,5.404829,11.76419,10.57119,7.853705,11.73185,12.23671,9.595375,12.30506,0.3282003,5.302166,9.797817,10.66181,6.571097,13.89331,12.49921,6.062068,9.695591,6.700364,14.00497,9.8696,11.6104,7.831193,4.927663,11.57693,9.554929,3.934166,2.33495,12.37902,4.599011,10.55154,4.275041,10.61678,5.493576,11.341,5.359634,9.6205,3.100965,7.957725,10.45813,8.813148,6.984253,10.50735,6.574169,13.52631,8.32015,10.98503,10.51336,12.5304,2.524462,14.51349,12.9686,14.456,5.250833,13.41252,8.893181,11.7056,14.73022,11.20163,7.356471,13.37482,6.81725,9.783363,5.240098,1.757964,9.862506,4.599422,8.363375,2.62141,5.163554,7.674783,8.141576,6.722995,3.725145,3.216289,1.733436,13.72419,12.34879,8.220022,4.380126,5.084446,14.42797,
19,10.62596,9.615459,6.772256,1.536847,1.320835,4.176015,4.803342,6.509095,1.395482,8.44705,3.796842,7.933769,7.514714,5.478752,9.851504,3.817748,3.41201,7.142278,0,5.169828,8.633959,9.417812,6.932817,6.963236,8.41585,6.181471,8.701119,7.178363,4.317097,5.004695,5.416181,3.224091,10.97334,7.179395,1.129023,7.249256,4.599674,9.490604,6.648067,9.333422,0.7425654,6.072096,8.849472,4.531941,4.519922,5.537268,8.05631,3.593985,7.451808,3.830379,6.843579,6.578347,5.461585,2.667139,6.452572,4.07639,1.455857,8.878746,7.410436,7.387439,4.088465,4.199582,10.43355,3.880318,6.910806,4.27331,9.199246,5.163602,9.530385,7.867988,10.08457,3.489179,9.321828,4.569353,7.555974,9.561101,9.942102,2.009957,9.403823,5.873522,3.088499,2.55199,5.420084,4.874636,2.870985,1.237713,5.792618,2.473704,7.175114,6.186937,1.312471,4.944255,5.693813,6.064838,10.87506,6.643331,7.794399,5.866555,6.61714,8.9721,
20,14.56071,14.58654,4.058973,3.733299,6.475536,9.203385,6.859431,9.911529,4.832351,13.2383,2.655669,11.21424,11.69939,10.64675,14.70283,7.390429,7.768917,5.404829,5.169828,0,13.2025,13.18802,10.34591,11.97818,13.21458,10.69792,13.44045,5.194821,0.8590531,9.935597,10.48857,2.31853,15.56033,12.30775,4.272469,11.44513,1.515378,14.51139,11.12525,13.60076,5.446232,8.094776,13.27405,9.502427,1.723497,5.715414,12.99155,1.95183,11.9397,5.809875,11.54781,8.774755,10.62696,5.751344,10.89078,4.299605,4.879038,12.81074,11.12939,10.13926,9.246322,1.619695,15.06338,8.571987,11.72275,9.442397,13.86588,3.028748,14.64156,12.97366,15.08453,1.713821,14.23172,9.296539,12.42223,14.69827,13.79542,6.78084,14.28221,9.120298,8.217595,5.494202,4.661795,9.856174,5.012713,5.901829,6.233591,2.93083,10.39651,10.03102,5.850792,1.736067,2.216485,3.671417,15.43323,11.80642,11.05515,7.592146,8.543952,14.1325,
21,3.030062,2.62764,12.52406,10.10981,7.462136,4.723992,7.331115,4.339664,8.419322,1.086276,12.4192,4.175191,1.929641,5.02011,2.043158,5.936119,5.445106,11.76419,8.633959,13.2025,0,2.923579,4.130993,2.790141,1.127929,2.508272,0.8319645,12.02412,12.37784,3.813456,3.967462,11.75089,2.362584,3.777643,9.108758,2.081368,13.07678,2.956653,2.078765,1.353866,8.879794,6.965046,0.6247503,4.298359,11.86287,9.454529,1.967673,11.26817,1.274055,7.895538,1.828634,6.579084,4.920389,7.498371,2.318552,9.614247,9.857752,2.338507,3.219541,5.417302,6.160955,12.67696,1.864196,4.761525,1.954239,5.790101,0.7724761,11.52745,3.934481,3.440375,3.118847,11.53784,2.056952,4.064793,1.725042,4.358543,2.871776,6.648448,1.905308,4.966489,6.901075,7.749707,10.41026,4.030873,8.326948,8.81155,9.146248,10.29633,4.470798,3.623025,7.521758,12.17855,12.61213,11.97384,2.248495,4.534132,4.242137,7.45573,7.019172,4.680768,
22,1.420413,5.46364,11.61798,10.7058,8.505832,6.333307,6.523678,3.289857,8.77141,4.003762,12.99126,2.205105,2.146849,7.328052,4.70926,5.880528,6.00796,10.57119,9.417812,13.18802,2.923579,0,2.869752,5.398512,4.042608,3.722321,3.748827,10.871,12.43952,5.536773,6.091441,12.19207,3.844325,6.498791,9.554285,2.373707,13.39695,5.836352,3.322809,1.728551,9.862442,5.662849,2.315765,5.926661,11.63261,8.438585,4.839206,11.24724,2.895218,7.425736,3.870736,5.078015,7.2157,7.516546,3.379412,9.107539,10.8161,0.6906519,2.07074,3.605274,8.104486,13.01702,3.737707,5.765439,4.277909,7.761114,3.456031,10.96237,6.845371,6.286477,5.896476,11.66542,4.910162,5.279422,4.425654,7.276104,0.6338342,7.447579,4.723576,4.087359,8.573402,7.770532,9.551436,5.79869,8.180763,9.951145,8.015284,10.46647,2.93048,3.257053,8.137001,11.86885,12.12906,11.18814,3.652213,7.142922,2.351265,6.225501,5.494498,7.597457,
23,4.279405,6.623135,8.810022,8.080981,6.239064,4.820384,3.660959,0.4420652,6.095933,4.886775,10.31321,1.004329,2.207113,6.435576,6.165846,3.178115,3.660465,7.853705,6.932817,10.34591,4.130993,2.869752,0,5.287743,4.900423,2.827614,4.830784,8.139118,9.614858,4.32582,5.182469,9.475865,6.070461,6.382552,6.893944,2.106031,10.62785,6.853094,2.781167,3.763381,7.477919,2.934838,3.81565,4.519603,8.770407,5.638366,5.366946,8.415072,3.126165,4.561347,3.675003,2.467462,6.322202,4.75626,2.611532,6.237789,8.37927,2.625303,0.9647533,1.37265,6.677427,10.25743,5.748587,3.812952,4.163218,6.403988,4.897607,8.097118,7.650143,6.501237,7.154967,8.86132,6.063981,3.643143,4.721218,7.996934,3.495762,5.095981,5.961358,1.225843,6.822241,5.002855,6.720407,4.565197,5.357462,7.666962,5.24938,7.687649,0.4401134,1.101674,5.620912,9.001116,9.261134,8.351516,5.895159,6.727461,0.8752729,3.47371,2.908992,8.021331,
24,5.794794,2.657726,12.16877,8.499894,5.661608,2.791359,7.3373,5.259737,7.175628,1.943392,10.71322,5.814246,3.515238,2.304819,3.031081,5.490588,4.498637,11.73185,6.963236,11.97818,2.790141,5.398512,5.287743,0,1.895763,2.483333,2.298186,11.93781,11.12173,2.064868,1.579465,10.18713,4.586178,1.131949,7.711012,3.430596,11.56126,2.535327,2.52501,4.102611,7.008562,7.485126,3.361325,2.476142,10.90079,9.413278,1.191118,10.14654,2.544677,7.502178,1.662567,7.339054,2.218551,6.691172,2.676494,9.070513,7.944636,4.719025,4.701852,6.649797,3.653908,11.16025,4.017092,3.540569,1.177626,3.288858,2.89432,10.89974,2.796724,1.270571,3.122015,10.26496,2.430208,2.87436,1.066307,2.999134,5.519763,5.199734,2.559887,5.541234,4.570544,6.904874,10.13939,2.122169,7.570185,6.806368,9.244107,9.061404,5.721879,4.304698,6.129351,11.27341,11.84729,11.53137,4.561287,1.761628,5.808977,7.838952,7.73467,2.801343,
25,4.112706,1.728203,12.88197,9.932461,7.170774,4.310399,7.77071,5.032832,8.385305,0.04932327,12.21099,5.105478,2.729185,4.199534,1.501296,6.17405,5.469602,12.23671,8.41585,13.21458,1.127929,4.042608,4.900423,1.895763,0,2.665832,0.4087074,12.47872,12.37193,3.425607,3.319997,11.60521,2.718599,2.744969,9.016749,2.795147,12.95969,1.962454,2.36802,2.4672,8.570771,7.582346,1.751972,3.911973,11.97757,9.904886,0.8688644,11.31255,1.779489,8.194642,1.689507,7.272233,4.111152,7.629341,2.616332,9.877233,9.535947,3.434865,4.067469,6.24548,5.493392,12.55747,2.148024,4.646954,1.507174,5.122715,1.000989,11.77405,2.863662,2.335266,2.268893,11.51966,1.186856,3.922152,0.9091269,3.270739,3.997692,6.498616,1.139387,5.556839,6.341255,7.869845,10.78476,3.592802,8.490883,8.436862,9.643727,10.28535,5.283115,4.194479,7.411762,12.31855,12.8114,12.29519,2.678863,3.552381,5.151464,8.03297,7.704354,3.55555,
26,4.645363,4.314029,10.21632,7.630677,5.073859,2.618955,5.13102,2.777016,5.91153,2.676014,9.945994,3.467417,1.576187,3.769607,4.154556,3.514471,2.936837,9.595375,6.181471,10.69792,2.508272,3.722321,2.827614,2.483333,2.665832,0,2.803269,9.830532,9.870991,1.820457,2.493494,9.257418,4.870612,3.558622,6.607287,1.355063,10.5753,4.424933,0.4702239,3.181742,6.486482,5.083298,2.668248,2.206217,9.383721,7.260696,2.81174,8.767843,1.273295,5.529529,1.025286,4.882987,3.654394,5.018394,0.3430373,7.218696,7.464949,3.056569,2.381002,4.176465,4.387205,10.17627,4.365692,2.304332,1.446612,4.050116,3.175372,9.121264,5.049869,3.73076,4.860691,9.029966,3.824343,1.664843,2.13156,5.34379,4.087898,4.177764,3.803236,3.091289,4.870266,5.266055,8.120942,2.083459,5.864334,6.477587,7.022201,7.788495,3.266382,1.821424,5.029303,9.710271,10.17542,9.63013,4.752261,3.91652,3.434893,5.484268,5.290538,5.265103,
27,3.736766,1.822771,12.99359,10.20901,7.472676,4.633296,7.845365,4.997325,8.619077,0.3595324,12.49796,4.957007,2.629036,4.599406,1.380396,6.315785,5.677235,12.30506,8.701119,13.44045,0.8319645,3.748827,4.830784,2.298186,0.4087074,2.803269,0,12.55414,12.60248,3.736416,3.689608,11.87492,2.351,3.150387,9.268394,2.732054,13.22265,2.130513,2.453378,2.119261,8.879531,7.586564,1.434757,4.225916,12.17073,9.979179,1.266609,11.52693,1.764783,8.321,1.893057,7.243492,4.509548,7.810708,2.704996,10.01898,9.849083,3.170468,3.957344,6.152306,5.873202,12.82079,1.783433,4.891797,1.799722,5.501806,0.5962434,11.92367,3.10275,2.718926,2.335911,11.75305,1.251927,4.170105,1.282463,3.528499,3.661574,6.761153,1.131017,5.56624,6.702613,8.055238,10.88831,3.91744,8.66344,8.761267,9.69958,10.51522,5.195017,4.203899,7.665466,12.50395,12.97787,12.41937,2.298978,3.960825,5.014426,8.054528,7.679927,3.87572,
28,12.28277,14.14372,1.232302,6.645831,7.991786,9.639229,4.709403,7.806508,5.908141,12.48359,7.26595,8.667357,10.1529,11.56436,13.93353,6.447241,7.520606,0.3282003,7.178363,5.194821,12.02412,10.871,8.139118,11.93781,12.47872,9.830532,12.55414,0,5.135821,9.986824,10.8407,6.456541,14.16808,12.6871,6.083204,9.960069,6.524259,14.23193,10.11339,11.89142,7.854538,5.219522,11.84667,9.732154,3.781028,2.575004,12.60515,4.494086,10.80457,4.455689,10.84967,5.795187,11.49565,5.498527,9.863556,3.18272,7.940608,10.74881,9.096423,7.289703,10.62626,6.414619,13.79531,8.502208,11.21079,10.64295,12.78861,2.395715,14.72452,13.16825,14.68975,5.13314,13.65157,9.088672,11.93374,14.9343,11.50218,7.479592,13.61759,7.087654,9.878849,5.36642,1.870344,10.04453,4.713102,8.389849,2.894836,5.122274,7.968096,8.403329,6.816967,3.544511,2.989099,1.538752,14.00014,12.51801,8.519761,4.667575,5.389975,14.61821,
29,13.80044,13.73337,4.108848,2.904822,5.619373,8.345337,6.205158,9.177165,3.986764,12.39621,2.225007,10.50501,10.90359,9.791636,13.85772,6.606535,6.937429,5.302166,4.317097,0.8590531,12.37784,12.43952,9.614858,11.12173,12.37193,9.870991,12.60248,5.135821,0,9.0815,9.629884,1.647901,14.73794,11.44879,3.414076,10.64723,1.408673,13.65547,10.3027,12.80403,4.616525,7.480871,12.46199,8.646324,1.377684,5.263984,12.13969,1.206988,11.11875,5.119843,10.70945,8.155211,9.770985,4.960574,10.07047,3.725064,4.099829,12.04388,10.37426,9.477129,8.398775,1.283317,14.23652,7.726744,10.87738,8.590397,13.03424,2.799208,13.78256,12.11467,14.22987,0.8569654,13.38221,8.451615,11.57416,13.8394,13.04086,5.925988,13.43487,8.391858,7.375354,4.703069,4.30176,8.999935,4.260049,5.085101,5.768673,2.087269,9.685806,9.255957,4.996133,1.600638,2.314823,3.599539,14.61328,10.94981,10.34663,7.001142,7.952467,13.27524,
30,6.381666,4.652779,10.15514,6.53189,3.745813,0.9107652,5.507328,4.136378,5.119126,3.459537,8.793823,5.127408,3.390359,2.120325,4.846809,3.576345,2.478138,9.797817,5.004695,9.935597,3.813456,5.536773,4.32582,2.064868,3.425607,1.820457,3.736416,9.986824,9.0815,0,0.9408606,8.21365,6.063669,2.701428,5.680262,3.175344,9.579039,4.581999,2.21995,4.808543,5.145783,5.887286,4.175789,0.490327,8.836252,7.508792,3.066579,8.088505,2.843201,5.531841,1.989728,5.883666,2.009181,4.647639,2.162725,7.044632,6.11326,4.863572,4.103274,5.556952,2.568001,9.176828,5.505884,1.499692,1.937365,2.229791,4.271818,8.851543,4.835411,3.209105,5.149224,8.224593,4.324987,0.9303434,2.552246,4.988869,5.874524,3.155878,4.40039,4.14715,3.12804,4.854293,8.159488,0.263113,5.524856,5.027962,7.391248,7.011616,4.756922,3.225025,4.085412,9.208547,9.78583,9.505941,5.98695,2.663705,5.06661,6.153892,6.228746,4.631388,
31,6.779761,4.231938,10.95711,6.952315,4.104407,1.297207,6.421851,5.023744,5.7345,3.362416,9.144898,5.928779,3.980045,1.276493,4.591841,4.474945,3.321311,10.66181,5.416181,10.48857,3.967462,6.091441,5.182469,1.579465,3.319997,2.493494,3.689608,10.8407,9.629884,0.9408606,0,8.638782,6.036857,1.881776,6.216269,3.800581,10.01548,4.079069,2.800026,5.130281,5.434449,6.827823,4.434146,1.109521,9.491074,8.392299,2.747189,8.697752,3.244208,6.387322,2.277963,6.82141,1.161271,5.428564,2.814617,7.840322,6.366306,5.403276,4.864617,6.450121,2.196697,9.615696,5.466835,2.342895,2.016198,1.824947,4.271616,9.60267,4.158713,2.492531,4.679736,8.775261,4.004523,1.861727,2.411693,4.252357,6.355726,3.747208,4.123682,5.075335,3.025385,5.617985,8.99773,0.8065221,6.29589,5.226903,8.293891,7.593042,5.619132,4.090297,4.66594,9.877392,10.4905,10.29474,5.988547,1.729641,5.881165,7.089697,7.168881,3.808117,
32,13.49144,12.83813,5.558904,1.687267,4.535701,7.398532,6.424266,9.03408,3.42532,11.63453,0.9273116,10.43023,10.46109,8.627347,13.05678,6.320556,6.351733,6.571097,3.224091,2.31853,11.75089,12.19207,9.475865,10.18713,11.60521,9.257418,11.87492,6.456541,1.647901,8.21365,8.638782,0,14.10773,10.38047,2.665043,10.1972,1.377989,12.71454,9.712961,12.33555,3.312481,7.768605,11.9128,7.74718,2.734702,6.016638,11.27364,1.975345,10.52914,5.284046,9.996984,8.408189,8.621317,4.722385,9.49861,4.327344,2.611729,11.7242,10.12676,9.575307,7.159768,0.9820606,13.58002,6.996863,10.09803,7.394393,12.35268,4.060949,12.73629,11.07895,13.30862,1.323629,12.53704,7.710563,10.75927,12.75018,12.7626,5.115048,12.61368,8.288921,6.104203,4.481206,5.270792,8.09283,4.256883,3.706833,6.470582,1.910964,9.619924,8.940739,4.229354,3.082646,3.868249,4.965714,13.9993,9.803981,10.27692,7.365728,8.286612,12.13126,
33,2.957978,2.75928,14.74316,12.46031,9.775608,6.968266,9.528622,6.369115,10.78189,2.675205,14.76513,5.805613,4.035136,6.885109,1.871517,8.257372,7.807393,13.89331,10.97334,15.56033,2.362584,3.844325,6.070461,4.586178,2.718599,4.870612,2.351,14.16808,14.73794,6.063669,6.036857,14.10773,0,5.255031,11.46963,4.252385,15.43724,3.210621,4.435384,2.325875,11.18952,9.000032,2.345479,6.553981,14.20165,11.62107,3.429368,13.6228,3.620859,10.17604,4.131662,8.526957,6.802561,9.842649,4.669899,11.903,12.16387,3.620831,5.106012,7.18913,8.211352,15.0371,0.5707358,7.112801,4.130116,7.840936,1.791988,13.81682,4.232647,4.658059,2.898717,13.89916,2.475366,6.406994,3.625294,4.680727,3.393293,8.999104,2.256633,7.082475,9.053352,10.09569,12.62841,6.255727,10.65975,11.09127,11.27386,12.65764,6.321914,5.806116,9.879713,14.5093,14.92009,14.21973,0.1922708,6.111478,5.917212,9.526137,8.966671,5.327854,
34,6.807477,2.849704,12.83122,8.703851,5.858569,3.169991,8.184586,6.329531,7.596085,2.794195,10.82228,6.938392,4.646952,1.883353,3.493418,6.272578,5.170567,12.49921,7.179395,12.30775,3.777643,6.498791,6.382552,1.131949,2.744969,3.558622,3.150387,12.6871,11.44879,2.701428,1.881776,10.38047,5.255031,0,8.04322,4.56152,11.75796,2.557005,3.642075,5.122946,7.106909,8.447383,4.37999,2.981151,11.35754,10.20794,1.889418,10.54884,3.670121,8.231544,2.792413,8.348475,1.846677,7.305452,3.778958,9.715244,7.989138,5.825594,5.826225,7.735055,3.414508,11.36205,4.705351,4.188194,2.309497,3.092781,3.724275,11.48438,2.357389,0.7418279,3.171135,10.59811,2.848725,3.615285,2.086792,2.391893,6.586244,5.612139,3.03968,6.554891,4.445391,7.497851,10.85489,2.650919,8.175139,6.826162,10.07928,9.435077,6.819595,5.36993,6.521282,11.74763,12.36848,12.17216,5.265391,0.8636333,6.929436,8.766242,8.730401,1.933675,
35,10.83751,10.33268,5.645557,1.203778,2.279662,4.931402,4.229328,6.455078,0.7999518,9.043577,3.437054,7.870724,7.796404,6.431363,10.48917,3.716589,3.689298,6.062068,1.129023,4.272469,9.108758,9.554285,6.893944,7.711012,9.016749,6.607287,9.268394,6.083204,3.414076,5.680262,6.216269,2.665043,11.46963,8.04322,0,7.532382,3.9682,10.24584,7.05881,9.670842,1.771341,5.563827,9.254885,5.237476,3.43769,4.606797,8.744881,2.544491,7.876363,3.143739,7.380059,6.139643,6.402476,2.221896,6.840991,3.044449,2.044291,9.071341,7.497057,7.138854,5.116453,3.568983,10.94921,4.376705,7.513007,5.265397,9.728631,4.034689,10.3709,8.702936,10.82395,2.558992,9.995837,5.09872,8.196022,10.435,10.1159,2.527343,10.05739,5.742192,4.158979,2.0202,4.366385,5.590456,2.087401,2.307516,4.919519,1.412696,7.074316,6.297827,1.605141,3.857107,4.588249,4.938699,11.35671,7.572587,7.72164,5.270285,6.107269,9.889245,
36,3.396967,4.517129,10.49699,8.62745,6.239636,3.95961,5.286391,2.268989,6.78494,2.780949,10.94117,2.409813,0.265626,5.066879,4.085446,4.065058,3.862386,9.695591,7.249256,11.44513,2.081368,2.373707,2.106031,3.430596,2.795147,1.355063,2.732054,9.960069,10.64723,3.175344,3.800581,10.1972,4.252385,4.56152,7.532382,0,11.4702,4.751492,1.002451,2.156859,7.629321,4.884465,1.907165,3.554198,10.01387,7.396715,3.306689,9.494578,1.029866,5.930707,1.769475,4.514804,4.952284,5.693972,1.01264,7.659317,8.599178,1.722668,1.311057,3.453303,5.742242,11.07776,3.842887,3.460714,2.253928,5.404716,2.853573,9.571656,5.57705,4.553066,5.049713,9.829918,3.958782,2.922575,2.69421,5.941417,2.777304,5.244284,3.860552,2.887079,6.20138,5.950982,8.38158,3.438262,6.472112,7.67278,7.075199,8.596636,2.49021,1.560497,6.018197,10.30422,10.68588,9.967831,4.098161,5.064032,2.425616,5.374744,4.952794,6.035594,
37,14.72235,14.21035,5.457181,3.06317,5.913219,8.771381,7.379482,10.18617,4.686633,12.98818,1.250612,11.55652,11.73232,9.999225,14.41795,7.517234,7.651415,6.700364,4.599674,1.515378,13.07678,13.39695,10.62785,11.56126,12.95969,10.5753,13.22265,6.524259,1.408673,9.579039,10.01548,1.377989,15.43724,11.75796,3.9682,11.4702,0,14.09013,11.02573,13.61879,4.678719,8.693654,13.21891,9.115701,2.785926,6.620042,12.642,2.450983,11.84361,6.257834,11.33915,9.356707,9.994697,5.882878,10.80607,5.020285,3.921896,12.95574,11.32644,10.61367,8.52292,0.4023463,14.91496,8.335494,11.45287,8.76393,13.69171,4.20662,14.114,12.45692,14.68311,1.838932,13.90379,9.053688,12.1205,14.12615,13.98063,6.462212,13.97739,9.419806,7.463717,5.631125,5.695723,9.462689,5.301422,5.0508,7.11469,2.940384,10.73939,10.16271,5.560842,2.97975,3.623558,4.985547,15.32485,11.17681,11.40039,8.242404,9.186728,13.50283,
38,5.597731,0.4529679,14.55169,11.02741,8.182528,5.324999,9.548108,6.966193,9.701047,1.982335,13.22187,7.063544,4.691585,4.431329,1.360461,7.823261,6.944741,14.00497,9.490604,14.51139,2.956653,5.836352,6.853094,2.535327,1.962454,4.424933,2.130513,14.23193,13.65547,4.581999,4.079069,12.71454,3.210621,2.557005,10.24584,4.751492,14.09013,0,4.21876,4.139465,9.507183,9.468254,3.529292,5.009158,13.40887,11.6705,1.627089,12.67042,3.726932,9.856725,3.399703,9.19311,4.38482,9.144759,4.453623,11.485,10.42598,5.288099,6.029869,8.204412,5.945251,13.68963,2.771328,6.019011,3.021341,5.607116,2.392351,13.34688,1.061866,1.821836,0.6166104,12.79858,0.9311718,5.319033,2.299775,1.516869,5.673022,7.731136,1.137972,7.446723,6.948466,9.368993,12.4833,4.655676,10.02236,9.273967,11.445,11.59151,7.241495,6.094913,8.66115,13.77461,14.327,13.93548,3.29229,3.383463,7.11222,9.894903,9.620232,2.117551,
39,4.192807,4.065935,10.54021,8.091761,5.544083,3.054428,5.404351,2.80482,6.354395,2.37119,10.40796,3.2992,1.184683,4.06459,3.826169,3.879337,3.378428,9.8696,6.648067,11.12525,2.078765,3.322809,2.781167,2.52501,2.36802,0.4702239,2.453378,10.11339,10.3027,2.21995,2.800026,9.712961,4.435384,3.642075,7.05881,1.002451,11.02573,4.21876,0,2.711949,6.956599,5.249494,2.20403,2.634215,9.787472,7.538869,2.644952,9.189637,0.8183578,5.871159,0.8946922,4.992009,3.950048,5.421786,0.2516202,7.576179,7.935002,2.645125,2.188811,4.152159,4.784606,10.62739,3.942555,2.773067,1.382152,4.438892,2.776449,9.485136,4.922067,3.720633,4.613046,9.464932,3.54937,2.133673,1.974652,5.2457,3.657043,4.642579,3.505276,3.22917,5.308783,5.672359,8.435464,2.48026,6.256204,6.946989,7.275881,8.223496,3.209338,1.888361,5.487009,10.10694,10.55459,9.967537,4.311471,4.090862,3.287438,5.681458,5.413013,5.24062,
40,1.692188,3.75189,12.51258,10.74625,8.254044,5.697358,7.304006,4.085505,8.932199,2.422548,13.06325,3.487514,1.901395,6.263312,2.981041,6.215664,5.98637,11.6104,9.333422,13.60076,1.353866,1.728551,3.763381,4.102611,2.4672,3.181742,2.119261,11.89142,12.80403,4.808543,5.130281,12.33555,2.325875,5.122946,9.670842,2.156859,13.61879,4.139465,2.711949,0,9.664186,6.698115,0.7435358,5.268198,12.15653,9.363802,3.319682,11.64976,1.970004,8.034501,2.865201,6.208408,6.158442,7.849411,2.886821,9.761608,10.64164,1.328149,2.799599,4.863976,7.289414,13.22499,2.091367,5.47532,3.136221,6.924276,1.747403,11.66704,5.169013,4.792907,4.171812,11.98652,3.20876,4.845343,3.049512,5.609184,1.545435,7.32354,3.013197,4.828962,7.936578,8.106585,10.40378,5.051669,8.619182,9.658826,8.99723,10.75257,3.999237,3.628628,8.134098,12.439,12.79725,12.01495,2.144003,5.860038,3.595026,7.233152,6.647041,5.994081,
41,11.02374,9.665392,7.391569,1.713118,1.41805,4.267821,5.524212,7.064266,2.137108,8.605113,3.718714,8.482109,7.89304,5.322703,9.966959,4.427971,3.870422,7.831193,0.7425654,5.446232,8.879794,9.862442,7.477919,7.008562,8.570771,6.486482,8.879531,7.854538,4.616525,5.145783,5.434449,3.312481,11.18952,7.106909,1.771341,7.629321,4.678719,9.507183,6.956599,9.664186,0,6.775272,9.140365,4.658816,5.002912,6.274228,8.142827,4.050811,7.742208,4.568368,7.063132,7.263076,5.321022,3.385712,6.777927,4.787911,0.9792902,9.296627,7.893928,8.01092,3.84736,4.291201,10.63869,4.189775,7.079902,4.085542,9.402078,5.768102,9.463992,7.819386,10.11198,3.83639,9.410781,4.834961,7.687718,9.459369,10.36405,2.417944,9.509195,6.465475,2.794164,3.283117,6.124113,4.983732,3.613402,0.539448,6.534353,2.976515,7.74427,6.670651,1.921603,5.430083,6.206125,6.687755,11.10205,6.501416,8.347755,6.587303,7.318676,8.825315,
42,7.080202,9.303069,5.965496,6.738055,5.951624,5.948663,1.351154,2.639843,4.823429,7.578104,8.681679,3.468279,5.045218,7.898177,8.957964,2.709251,3.915353,4.927663,6.072096,8.094776,6.965046,5.662849,2.934838,7.485126,7.582346,5.083298,7.586564,5.219522,7.480871,5.887286,6.827823,7.768605,9.000032,8.447383,5.563827,4.884465,8.693654,9.468254,5.249494,6.698115,6.775272,0,6.714892,5.837743,6.405072,2.792616,7.881184,6.287139,5.823855,2.489424,6.092716,0.6819254,7.799372,3.413049,5.016541,3.797887,7.471475,5.530468,3.898687,2.150236,7.559328,8.370365,8.660767,4.680272,6.529742,7.405691,7.737499,5.477173,10.13316,8.75538,9.848121,6.855527,8.768875,4.97343,7.202548,10.4216,6.295964,4.872312,8.698313,2.025594,7.275103,3.567073,3.939982,6.046614,3.548216,7.145378,2.352897,5.860072,2.74873,3.388248,4.896066,6.551152,6.660087,5.574347,8.826497,8.546683,3.316276,0.5665885,0.5462079,10.28498,
43,2.43434,3.1734,12.40199,10.29558,7.723757,5.077856,7.189008,4.075052,8.539046,1.709655,12.61195,3.734315,1.695797,5.541728,2.494207,5.930808,5.567491,11.57693,8.849472,13.27405,0.6247503,2.315765,3.81565,3.361325,1.751972,2.668248,1.434757,11.84667,12.46199,4.175789,4.434146,11.9128,2.345479,4.37999,9.254885,1.907165,13.21891,3.529292,2.20403,0.7435358,9.140365,6.714892,0,4.648288,11.8822,9.290705,2.590478,11.32897,1.399119,7.832323,2.197891,6.282733,5.438399,7.535158,2.414223,9.560013,10.11963,1.764036,2.866803,5.039061,6.610522,12.82164,1.949705,4.970505,2.424803,6.24259,1.190282,11.47343,4.530002,4.062145,3.63658,11.63184,2.610308,4.305417,2.306239,4.960398,2.247076,6.845834,2.43649,4.759714,7.296687,7.79023,10.28676,4.409707,8.337992,9.105581,8.955579,10.39201,4.117005,3.463656,7.689443,12.1825,12.58109,11.87497,2.193813,5.117388,3.817174,7.227001,6.724304,5.301572,
44,6.819164,5.100306,9.850863,6.062953,3.262942,0.4297349,5.349139,4.288839,4.702837,3.946481,8.315862,5.372859,3.782012,2.063089,5.322742,3.390928,2.215019,9.554929,4.531941,9.502427,4.298359,5.926661,4.519603,2.476142,3.911973,2.206217,4.225916,9.732154,8.646324,0.490327,1.109521,7.74718,6.553981,2.981151,5.237476,3.554198,9.115701,5.009158,2.634215,5.268198,4.658816,5.837743,4.648288,0,8.441325,7.292487,3.52651,7.673785,3.29876,5.27998,2.471665,5.890946,1.962345,4.324304,2.548348,6.734482,5.62483,5.262782,4.390438,5.689221,2.214153,8.713737,5.996175,1.24265,2.427322,1.904872,4.762141,8.509484,5.202294,3.551033,5.586811,7.789456,4.790403,0.9069495,3.032517,5.3267,6.289439,2.723712,4.872505,4.208736,2.677844,4.518151,7.888245,0.354131,5.194727,4.537652,7.206191,6.585501,4.939992,3.421238,3.653217,8.820416,9.416341,9.191012,6.476958,2.807767,5.300171,6.062963,6.212591,4.912657,
