,1,2,3,4,5,6,7,8,9,10,11,12,13,14,15,16,17,18,19,20,21,22,23,24,25,26,27,28,29,30,31,32,33,34,35,36,37,38,39,40,41,42,43,44,45,46,47,48,49,50,51,52,53,54,55,56,57,58,59,60,61,62,63,64,65,66,67,68,69,70,71,72,73,74,75,76,77,78,79,80,81,82,83,84,85,86,87,88,89,90,91,92,93,94,95,96,97,98,99,100,
1,0,6.855066,4.774498,7.71257,5.282504,5.398881,9.319542,7.414957,6.698931,3.417994,0.8896199,1.404052,8.958013,3.397439,7.303038,0.9580122,1.652427,1.860413,9.65041,8.789829,9.143146,8.426168,4.10819,4.897548,6.352702,1.681809,8.950565,9.209824,7.245286,3.365719,3.608999,8.950654,4.9852,4.859531,9.341967,4.360259,9.354738,2.137185,9.438191,9.270905,6.131672,2.327131,2.160554,8.208772,6.706536,8.2284,3.422659,2.987813,6.898249,2.281839,5.549614,3.205716,5.131701,3.149932,8.350965,5.421114,8.489467,3.608268,0.7737111,8.239416,8.090058,5.439481,7.188747,3.612804,6.739191,3.840664,0.5879855,7.63382,4.899178,7.876328,7.908424,4.03922,3.900348,6.523738,7.817679,1.233529,4.555699,3.885951,9.7557,5.378173,9.496357,6.179744,2.922487,2.092705,2.991316,9.542434,4.488038,8.231968,2.403713,1.261756,6.790852,10.6579,6.296598,4.156452,8.01475,10.46963,6.566082,4.451153,6.945235,5.498079,
2,6.855066,0,2.554627,1.326395,8.11939,6.494884,2.464487,1.708438,1.33877,3.511316,6.955779,5.99893,2.103676,5.411444,1.94853,6.600945,7.28193,7.180142,3.211155,2.864334,2.955735,1.801868,7.390466,6.682287,2.016992,6.086266,2.217802,2.516549,0.7876848,4.436398,3.738925,2.563215,3.61217,4.200884,3.364407,4.605079,2.999118,7.611651,2.600274,4.373465,1.423509,4.758487,4.772999,3.995911,4.617182,1.379937,3.972249,5.480347,3.119442,4.824474,1.333865,6.055476,8.303555,6.990413,3.676561,6.2001,3.643427,3.442398,7.454233,3.527061,2.248925,4.462911,2.999393,6.562581,3.977921,3.950096,6.317162,1.122253,2.735678,3.700476,1.368874,2.997071,3.062404,2.69756,2.796551,6.684803,4.434408,4.217919,2.94967,7.236767,4.229043,3.744927,4.398651,7.690679,4.294216,3.269579,7.321807,3.616102,5.320756,8.046207,2.292309,4.150535,5.374125,6.217492,3.455184,4.299304,3.964329,3.64413,0.1084318,8.30863,
3,4.774498,2.554627,0,3.027672,7.584286,6.391931,4.864789,2.647729,1.957448,1.42903,4.670209,4.310126,4.531094,2.857041,2.529096,4.797153,4.872339,5.61768,5.75566,4.016229,4.371276,3.763495,6.58701,6.333697,3.414424,4.523056,4.764202,4.542486,3.23514,3.553894,2.84208,5.088733,3.78252,1.878661,5.808338,2.137993,4.593668,5.151576,5.068862,4.691456,1.409672,2.473963,2.616412,3.764093,5.545033,3.770523,3.001098,4.469987,4.554855,2.529925,1.351233,3.501297,7.664813,5.907044,5.650462,6.171201,5.687261,1.172567,5.245085,3.634633,4.57527,4.787505,2.606807,5.722548,2.722697,3.321151,4.324203,3.626441,0.3685673,3.403805,3.251357,0.7878941,0.9825473,4.031482,3.104794,4.96883,4.280088,3.656789,5.154209,6.955242,4.831908,2.204309,1.97516,6.111537,3.077932,4.77197,6.676497,3.654364,2.856156,5.844473,2.06418,6.704861,5.920009,5.651761,5.349988,6.813892,4.990869,1.155381,2.662616,7.805295,
4,7.71257,1.326395,3.027672,0,9.413668,7.8148,1.998309,0.7260358,1.093947,4.294838,7.683767,7.015563,1.740244,5.724777,1.054307,7.583238,7.899035,8.255447,3.460661,1.53942,1.648623,0.7375646,8.644813,7.986684,3.321537,7.146559,2.287543,1.515078,1.823992,5.630411,4.903734,2.982124,4.926319,4.216301,3.921622,4.732869,1.740844,8.166409,2.288174,3.127803,1.617999,5.471859,5.562886,2.948217,5.91048,1.09506,5.131151,6.673021,4.365748,5.531917,2.2502,6.383091,9.586935,8.189389,4.686446,7.522206,4.611653,4.132397,8.238663,2.40769,3.102321,5.788994,2.204542,7.803132,3.390636,5.175858,7.213725,1.922871,3.050887,2.716012,0.2528717,3.686658,3.813302,3.981585,1.718375,7.70159,5.735153,5.463162,2.140965,8.549167,2.933589,3.347676,5.002007,8.765848,5.407721,1.990974,8.598388,2.511272,5.878716,8.838162,1.702767,4.215171,6.693208,7.495059,4.521559,4.615788,5.256578,3.88337,1.326704,9.607016,
5,5.282504,8.11939,7.584286,9.413668,0,1.875745,10.12272,9.534982,8.825791,6.361242,6.169981,4.214841,9.785798,8.023315,9.610336,4.350693,6.934621,3.462001,9.438102,10.9054,11.06186,9.908986,1.189575,1.464296,6.38858,3.851872,9.36277,10.56019,7.974634,4.031666,4.761158,8.883076,4.527344,8.796319,8.717092,8.538617,11.11848,7.412794,10.04852,12.09375,8.34995,6.266206,5.904021,11.29818,4.597935,9.294729,4.585795,3.175502,5.953374,6.282319,7.350447,8.118024,0.3560075,2.148118,7.063852,2.191017,7.263762,6.705899,5.883297,11.06435,7.86564,3.87395,10.11402,1.937878,10.27298,4.341503,5.015156,8.205175,7.909681,10.93713,9.486652,6.874167,6.664877,5.981996,10.40989,4.05767,3.68585,4.018328,10.81814,1.072852,12.10737,9.719451,6.793303,3.450849,4.536083,11.38798,0.9252032,11.10915,6.945208,5.980347,9.444759,10.30413,3.602484,1.951916,6.831348,9.718968,5.01506,8.063626,8.149579,0.2309482,
6,5.398881,6.494884,6.391931,7.8148,1.875745,0,8.351896,8.021468,7.350487,5.379467,6.219413,4.059625,8.025809,7.449164,8.137341,4.452258,6.982615,3.895362,7.581034,9.338869,9.450269,8.249829,1.949909,0.628473,4.644548,3.732013,7.560459,8.859482,6.259454,2.976908,3.584609,7.042902,2.893057,7.868822,6.846611,7.724995,9.475624,7.485545,8.255411,10.65723,6.927514,5.643661,5.291137,9.959441,2.723734,7.584144,3.477066,2.550439,4.103666,5.67879,5.903125,7.691003,2.181728,2.543532,5.188167,0.3206011,5.388027,5.716318,6.125577,9.661444,6.030434,2.081389,8.777594,1.871634,9.114079,3.077628,4.962062,6.455715,6.745749,9.603732,7.860426,5.775704,5.575163,4.175059,8.971995,4.214109,2.15219,2.744504,9.067958,0.8161959,10.6178,8.591423,6.054507,4.124237,3.595451,9.75357,1.547979,9.718536,6.445511,6.395474,8.068048,8.434705,1.74003,1.243418,4.956663,7.843327,3.147438,7.080642,6.511598,1.994822,
7,9.319542,2.464487,4.864789,1.998309,10.12272,8.351896,0,2.682999,3.048601,5.961413,9.406157,8.435991,0.3658587,7.66001,2.998179,9.047615,9.700762,9.580184,1.863466,2.527226,2.197344,1.368722,9.543834,8.658652,3.735977,8.502142,0.9159452,1.049522,2.219648,6.7543,6.104715,1.75177,5.632713,6.206545,2.633523,6.709245,1.941278,10.00642,0.359034,4.259521,3.496589,7.198552,7.229781,4.529866,5.975418,1.103607,6.339054,7.781383,4.363069,7.263225,3.783998,8.317104,10.35123,9.261775,4.026124,8.036317,3.878492,5.86616,9.914813,3.941369,2.505756,6.272731,4.083087,8.761672,5.312101,6.232601,8.780257,1.92734,4.953901,4.398403,1.745469,5.415502,5.500832,4.185172,3.417059,9.118759,6.495314,6.45664,0.7690577,9.147618,3.863642,5.325716,6.798759,10.08804,6.69325,2.191542,9.409141,4.055235,7.707597,10.50809,3.683979,2.348385,6.920766,8.321482,4.005572,2.939428,5.363728,5.825465,2.375135,10.28866,
8,7.414957,1.708438,2.647729,0.7260358,9.534982,8.021468,2.682999,0,0.7472996,4.016375,7.310321,6.836393,2.449536,5.184131,0.3282813,7.37188,7.465998,8.111952,4.186014,1.424268,1.730156,1.337114,8.696422,8.139518,3.710586,7.000919,3.013524,2.031049,2.370571,5.632452,4.888497,3.695588,5.132648,3.597755,4.627161,4.141047,1.946614,7.701468,2.990145,2.684733,1.307952,5.121632,5.254411,2.315416,6.309816,1.820799,5.105238,6.659734,4.827876,5.177223,2.20135,5.839569,9.684415,8.169754,5.291027,7.74173,5.231258,3.806734,7.892002,1.821606,3.743001,6.053712,1.482325,7.839827,2.665534,5.222752,6.946619,2.545106,2.593625,2.049282,0.9632439,3.380141,3.535308,4.40035,1.094276,7.515177,5.895682,5.530886,2.712713,8.723042,2.597161,2.64291,4.604209,8.618319,5.333547,2.127729,8.687574,1.913943,5.441196,8.491133,1.002182,4.936191,7.026043,7.592832,5.101392,5.341074,5.659238,3.353992,1.751066,9.73722,
9,6.698931,1.33877,1.957448,1.093947,8.825791,7.350487,3.048601,0.7472996,0,3.288969,6.626999,6.092924,2.753634,4.633241,0.7877408,6.633421,6.818806,7.365793,4.298382,2.171529,2.464548,1.829708,7.968001,7.44435,3.206377,6.254616,3.170597,2.597564,2.110424,4.897544,4.151877,3.72281,4.475081,3.165426,4.600711,3.660645,2.657181,7.07804,3.307252,3.308552,0.5691031,4.424043,4.539621,2.742984,5.776589,2.022958,4.366246,5.920523,4.372148,4.481855,1.476348,5.291588,8.967384,7.428363,5.014876,7.07801,4.981915,3.095173,7.196042,2.345006,3.564557,5.423086,1.675064,7.108889,2.651344,4.499724,6.220576,2.386636,1.958746,2.421679,1.335202,2.659718,2.806302,3.908486,1.630511,6.77295,5.210982,4.812896,3.234826,8.035365,3.282522,2.468157,3.931069,7.872538,4.588243,2.856652,7.969266,2.417258,4.795521,7.795774,0.9540749,5.145034,6.435033,6.878939,4.788903,5.437528,5.13489,2.79214,1.419123,9.030845,
10,3.417994,3.511316,1.42903,4.294838,6.361242,5.379467,5.961413,4.016375,3.288969,0,3.445422,2.881722,5.606386,2.475204,3.93121,3.37289,3.793267,4.191306,6.533653,5.414901,5.746418,5.011186,5.30072,5.219651,3.585178,3.102627,5.690488,5.795494,4.016839,2.412187,1.82855,5.835809,3.179996,2.489939,6.401346,2.384067,5.946045,4.157549,6.111521,6.110096,2.720119,1.25423,1.274254,5.148847,5.114923,4.859915,1.904476,3.191841,4.528959,1.32182,2.179276,2.989429,6.406199,4.557029,5.846438,5.203657,5.930302,0.3450468,3.962057,5.053992,5.121303,4.111778,4.015426,4.449333,3.939591,2.356527,2.931641,4.419379,1.659346,4.792271,4.493088,0.6451454,0.4830933,4.032258,4.533742,3.540132,3.415847,2.668462,6.355798,5.843962,6.260297,3.37491,1.053883,4.683357,1.834106,6.142418,5.439139,5.068886,1.941556,4.559206,3.493158,7.527912,5.251857,4.481679,5.516357,7.487864,4.674787,1.714212,3.609321,6.588077,
11,0.8896199,6.955779,4.670209,7.683767,6.169981,6.219413,9.406157,7.310321,6.626999,3.445422,0,2.165311,9.051709,2.796782,7.162023,1.828619,0.7718484,2.747467,9.902844,8.636089,9.019564,8.413582,4.992909,5.740376,6.707046,2.48782,9.11903,9.197112,7.427304,3.954214,4.057143,9.200999,5.52591,4.416389,9.669615,3.867595,9.256419,1.269407,9.556008,8.951671,6.071586,2.21527,2.188385,7.856538,7.338062,8.303913,3.903377,3.741493,7.371161,2.15343,5.624654,2.483363,6.021257,4.032924,8.80974,6.221419,8.934684,3.55714,0.6577036,7.947421,8.397908,6.084867,6.909463,4.470286,6.32431,4.37325,1.260783,7.825798,4.729098,7.540712,7.896558,4.007471,3.907091,6.958633,7.59244,2.114866,5.198059,4.473312,9.781696,6.238868,9.217983,5.78562,2.707915,2.949747,3.482936,9.422482,5.366634,7.928247,1.965333,1.216312,6.593338,10.90706,7.008798,4.982897,8.471275,10.78655,7.137968,4.14079,7.052857,6.386337,
12,1.404052,5.99893,4.310126,7.015563,4.214841,4.059625,8.435991,6.836393,6.092924,2.881722,2.165311,0,8.070281,3.867754,6.78243,0.6439567,2.923845,1.31503,8.562018,8.253763,8.555429,7.691194,3.027533,3.602432,5.193486,0.3631427,7.968341,8.461593,6.273599,2.036711,2.428283,7.871511,3.665179,4.938645,8.175419,4.559247,8.726269,3.427264,8.513037,8.987096,5.52845,2.239603,1.910408,8.001842,5.318995,7.376387,2.211744,1.587868,5.614415,2.233522,4.773456,3.908645,4.132534,2.088811,7.068419,4.056171,7.21757,3.170385,2.174687,7.932137,6.956511,4.049762,6.888793,2.37487,6.680868,2.552053,0.90463,6.642324,4.529081,7.649707,7.18291,3.523144,3.338572,5.278607,7.413683,0.687292,3.171112,2.545218,8.946644,4.132053,9.141923,6.106876,2.849491,1.801674,1.797156,8.942724,3.341411,7.944013,2.777323,2.594051,6.373439,9.564982,4.892588,2.830173,6.736262,9.306124,5.210006,4.339211,6.077466,4.442206,
13,8.958013,2.103676,4.531094,1.740244,9.785798,8.025809,0.3658587,2.449536,2.753634,5.606386,9.051709,8.070281,0,7.341702,2.772593,8.68225,9.354213,9.2147,1.87372,2.482361,2.210292,1.194804,9.193579,8.322314,3.397217,8.136323,0.767017,1.108007,1.859943,6.391438,5.739728,1.624205,5.286245,5.918655,2.555226,6.40982,1.998615,9.66499,0.5537314,4.241826,3.178273,6.84643,6.873018,4.420459,5.688299,0.7605971,5.974103,7.419891,4.070961,6.911437,3.427665,7.997691,10.01055,8.902747,3.827958,7.711475,3.691921,5.51685,9.556703,3.835638,2.261901,5.944972,3.888712,8.407365,5.105317,5.871107,8.417379,1.581855,4.632401,4.263039,1.490869,5.066784,5.148317,3.869069,3.265322,8.752968,6.148221,6.097716,1.047145,8.817951,3.876969,5.086963,6.45461,9.722663,6.327572,2.270368,9.064161,3.948861,7.36655,10.14932,3.441768,2.499285,6.620072,7.974,3.781657,3.001595,5.067836,5.512398,2.012819,9.954047,
14,3.397439,5.411444,2.857041,5.724777,8.023315,7.449164,7.66001,5.184131,4.633241,2.475204,2.796782,3.867754,7.341702,0,4.957515,3.986511,2.580089,5.017487,8.610479,6.336875,6.772614,6.454978,6.853462,7.152637,5.984508,4.218666,7.616495,7.202583,6.081282,4.535976,4.151303,7.938582,5.615731,1.755896,8.625402,1.159704,7.057572,2.657944,7.888361,6.343828,4.164102,1.80627,2.163266,5.218939,7.564908,6.585046,4.148059,4.965768,6.988282,1.774504,4.16907,0.6583496,7.974861,5.943469,8.262613,7.333067,8.331241,2.283316,3.453341,5.402254,7.367569,6.4959,4.420177,6.103973,3.631479,4.660447,3.283401,6.476847,2.710146,4.934239,5.968379,2.608438,2.667026,6.482759,5.182583,4.269287,5.719112,4.926394,7.861343,7.751762,6.66904,3.138045,1.478144,5.384608,3.90177,7.170808,7.115315,5.363903,1.090586,3.972398,4.292645,9.561864,7.613135,6.362564,7.939308,9.655907,7.145436,1.841407,5.519512,8.253788,
15,7.303038,1.94853,2.529096,1.054307,9.610336,8.137341,2.998179,0.3282813,0.7877408,3.93121,7.162023,6.78243,2.772593,4.957515,0,7.301054,7.288118,8.070757,4.514157,1.487158,1.858505,1.64104,8.74251,8.231676,3.920412,6.962028,3.341805,2.300227,2.647761,5.667052,4.919958,4.020119,5.259093,3.334232,4.948731,3.890446,2.113727,7.507353,3.310323,2.524969,1.286285,4.992807,5.145502,2.047786,6.51134,2.149057,5.130393,6.682729,5.059359,5.04588,2.259903,5.609617,9.748941,8.1851,5.575422,7.863845,5.521349,3.700001,7.755316,1.59251,4.043377,6.200381,1.156867,7.881395,2.338081,5.279721,6.850681,2.843877,2.432971,1.761656,1.28993,3.288103,3.455658,4.617046,0.8634903,7.455636,5.998672,5.59526,2.991748,8.823084,2.49703,2.329498,4.454397,8.574036,5.335288,2.261811,8.75041,1.675273,5.26698,8.353024,0.7040948,5.262331,7.198144,7.662244,5.376875,5.669187,5.864143,3.142962,2.002574,9.816142,
16,0.9580122,6.600945,4.797153,7.583238,4.350693,4.452258,9.047615,7.37188,6.633421,3.37289,1.828619,0.6439567,8.68225,3.986511,7.301054,0,2.599483,1.033563,9.202305,8.781153,9.097928,8.269749,3.168465,3.942154,5.836764,0.7903878,8.596063,9.044666,6.897733,2.671143,3.070184,8.51074,4.296474,5.236538,8.819324,4.804567,9.280046,3.090663,9.132204,9.438196,6.065692,2.5447,2.26336,8.423981,5.905294,7.980362,2.855051,2.112395,6.251132,2.52242,5.352915,3.919843,4.217489,2.207137,7.70431,4.486049,7.855199,3.633966,1.675443,8.388018,7.599216,4.63625,7.338404,2.654907,7.044039,3.192509,0.713011,7.27003,4.987293,8.077428,7.758074,4.017976,3.84544,5.920507,7.899026,0.2995819,3.767557,3.173347,9.54396,4.420238,9.616401,6.472239,3.17154,1.418764,2.438205,9.48924,3.538049,8.39352,2.912091,2.017576,6.858952,10.20591,5.425499,3.208861,7.373082,9.95004,5.823288,4.703951,6.682088,4.569916,
17,1.652427,7.28193,4.872339,7.899035,6.934621,6.982615,9.700762,7.465998,6.818806,3.793267,0.7718484,2.923845,9.354213,2.580089,7.288118,2.599483,0,3.497129,10.32115,8.736384,9.143069,8.635515,5.760412,6.509427,7.217735,3.253517,9.478883,9.412947,7.810094,4.629564,4.658139,9.621436,6.161184,4.30896,10.1433,3.725268,9.399916,0.5038152,9.874187,8.898705,6.281434,2.540121,2.615615,7.781519,8.01405,8.597644,4.524797,4.487623,7.953792,2.471999,5.949416,2.114884,6.779708,4.801444,9.376301,6.978115,9.491863,3.840307,1.175068,7.92879,8.864365,6.772985,6.914375,5.241789,6.205911,5.015397,2.020558,8.212545,4.873495,7.484928,8.123669,4.288589,4.221517,7.519845,7.638936,2.883588,5.889155,5.14256,10.02538,7.010452,9.201319,5.696832,2.905183,3.663699,4.117834,9.546195,6.137045,7.898792,2.025167,1.510257,6.677122,11.3185,7.72713,5.748633,9.037866,11.24794,7.781323,4.175483,7.383251,7.149611,
18,1.860413,7.180142,5.61768,8.255447,3.462001,3.895362,9.580184,8.111952,7.365793,4.191306,2.747467,1.31503,9.2147,5.017487,8.070757,1.033563,3.497129,0,9.548575,9.533639,9.821552,8.912693,2.320025,3.317712,6.154708,1.111412,9.051175,9.673244,7.38255,2.898627,3.479765,8.8739,4.42195,6.217516,9.079645,5.807802,9.980027,3.963352,9.630977,10.29988,6.805664,3.51298,3.202376,9.316866,5.771609,8.546264,3.246567,2.020696,6.380668,3.498523,6.005483,4.950347,3.287459,1.404718,7.808537,3.995652,7.975687,4.484375,2.421317,9.244398,7.914495,4.535024,8.202345,2.023816,7.98686,3.44569,1.745484,7.73241,5.842585,8.964708,8.411322,4.82989,4.641462,6.121481,8.718187,0.749036,3.737638,3.325191,10.12782,3.703506,10.44914,7.41309,4.134202,0.5110815,2.889018,10.20418,2.736155,9.257286,3.938778,2.557208,7.678798,10.53852,5.137025,2.689739,7.48983,10.20294,5.805211,5.643489,7.25175,3.669954,
19,9.65041,3.211155,5.75566,3.460661,9.438102,7.581034,1.863466,4.186014,4.298382,6.533653,9.902844,8.562018,1.87372,8.610479,4.514157,9.202305,10.32115,9.548575,0,4.35301,4.053805,3.047716,9.061224,7.996235,3.393871,8.54897,1.176894,2.910835,2.539397,6.650058,6.134474,0.7019003,5.223573,7.389373,0.9037848,7.813111,3.804731,10.69077,1.516902,6.106103,4.58258,7.782267,7.726991,6.281562,4.950178,2.365694,6.355592,7.593552,3.48584,7.850757,4.456623,9.247928,9.710924,8.965785,2.611439,7.260698,2.42329,6.535002,10.32707,5.700008,1.643565,5.590713,5.664312,8.370568,6.843946,6.102911,9.075327,2.138217,5.94683,6.107129,3.235738,6.110545,6.135034,3.535746,5.101502,9.213119,6.05147,6.243774,2.518987,8.39706,5.722987,6.749679,7.508486,10.03645,6.764863,4.052804,8.84588,5.812648,8.434315,10.89594,5.127859,1.007493,5.961154,7.821379,2.722487,1.155138,4.437922,6.855246,3.102764,9.573437,
20,8.789829,2.864334,4.016229,1.53942,10.9054,9.338869,2.527226,1.424268,2.171529,5.414901,8.636089,8.253763,2.482361,6.336875,1.487158,8.781153,8.736384,9.533639,4.35301,0,0.4787904,1.396202,10.09557,9.491719,4.857864,8.422956,3.229671,1.508078,3.317883,7.042671,6.301458,4.061749,6.446589,4.637931,5.013349,5.222724,0.8204532,8.934126,2.886142,1.76544,2.727984,6.4771,6.632641,2.063618,7.439117,2.23438,6.520768,8.074668,5.875534,6.529409,3.610508,6.977256,11.06626,9.587039,6.056649,9.049556,5.956881,5.18707,9.235229,1.484072,4.440125,7.324171,2.019189,9.243089,3.201113,6.618954,8.337335,3.338463,3.909619,2.012642,1.55732,4.773037,4.937277,5.509643,1.213652,8.930356,7.240458,6.920136,2.146992,10.06302,1.454906,3.419306,5.93081,10.03928,6.756105,0.8459151,10.07228,1.595285,6.723336,9.831989,2.060127,4.860024,8.23208,8.972703,5.930243,5.461693,6.78556,4.566263,2.866018,11.1032,
21,9.143146,2.955735,4.371276,1.648623,11.06186,9.450269,2.197344,1.730156,2.464548,5.746418,9.019564,8.555429,2.210292,6.772614,1.858505,9.097928,9.143069,9.821552,4.053805,0.4787904,0,1.27906,10.28944,9.632635,4.894884,8.710159,2.974937,1.149255,3.30523,7.261268,6.527608,3.826085,6.567078,5.088692,4.765057,5.669027,0.3458532,9.353158,2.554159,2.066479,3.032411,6.842925,6.98281,2.509749,7.442676,2.104482,6.751818,8.300715,5.852773,6.897248,3.845498,7.417053,11.23551,9.816617,5.918462,9.154357,5.805496,5.534999,9.609691,1.940528,4.302692,7.409338,2.491899,9.444792,3.679674,6.816842,8.676767,3.267631,4.290968,2.480718,1.591173,5.110163,5.265089,5.519662,1.688066,9.236529,7.381747,7.107943,1.728875,10.19149,1.669766,3.890222,6.311681,10.32968,7.008808,0.4033695,10.24661,2.049266,7.123857,10.20801,2.482016,4.492178,8.273026,9.14346,5.816892,5.13436,6.792037,4.98374,2.939862,11.25463,
22,8.426168,1.801868,3.763495,0.7375646,9.908986,8.249829,1.368722,1.337114,1.829708,5.011186,8.413582,7.691194,1.194804,6.454978,1.64104,8.269749,8.635515,8.912693,3.047716,1.396202,1.27906,0,9.192292,8.464341,3.6485,7.807842,1.88533,0.784596,2.039839,6.224792,5.513721,2.688954,5.388109,4.919174,3.644494,5.44799,1.231642,8.903971,1.699263,3.151597,2.354082,6.199971,6.282618,3.233904,6.172668,0.8409051,5.744891,7.269594,4.576859,6.260687,2.918076,7.113093,10.09917,8.78296,4.667315,7.948127,4.563727,4.858942,8.963223,2.65269,3.049599,6.18997,2.714726,8.363847,3.943513,5.747482,7.919497,1.988632,3.787865,3.068774,0.5181968,4.41121,4.531533,4.255297,2.070662,8.378315,6.223295,6.018991,1.406567,9.007292,2.847894,3.970227,5.736894,9.423725,6.044009,1.516997,9.12031,2.765142,6.615852,9.562367,2.337722,3.687469,7.019251,8.016201,4.551744,4.188759,5.52384,4.613946,1.761984,10.09491,
23,4.10819,7.390466,6.58701,8.644813,1.189575,1.949909,9.543834,8.696422,7.968001,5.30072,4.992909,3.027533,9.193579,6.853462,8.74251,3.168465,5.760412,2.320025,9.061224,10.09557,10.28944,9.192292,0,1.325259,5.827878,2.664907,8.845604,9.883062,7.34481,3.080501,3.827688,8.456906,3.916862,7.692664,8.415801,7.408099,10.37504,6.243292,9.507616,11.18376,7.463515,5.114295,4.753999,10.33711,4.484924,8.641729,3.628121,2.118552,5.604767,5.126955,6.49544,6.933794,1.126872,0.9616628,6.867546,2.179424,7.059983,5.64252,4.732396,10.14044,7.439176,3.496445,9.159966,0.86669,9.23644,3.476649,3.826795,7.616766,6.895936,9.975554,8.741906,5.848138,5.638865,5.531749,9.512092,2.878187,3.054934,3.181677,10.20249,1.475659,11.23194,8.674685,5.6594,2.386541,3.509779,10.63437,0.4510322,10.17778,5.770955,4.869551,8.518682,9.981621,3.59327,1.240646,6.596486,9.476336,4.764398,6.982138,7.433083,1.415267,
24,4.897548,6.682287,6.333697,7.986684,1.464296,0.628473,8.658652,8.139518,7.44435,5.219651,5.740376,3.602432,8.322314,7.152637,8.231676,3.942154,6.509427,3.317712,7.996235,9.491719,9.632635,8.464341,1.325259,0,4.925195,3.258917,7.899607,9.105916,6.515877,2.812699,3.4925,7.430198,3.076596,7.702981,7.295571,7.514394,9.67951,7.009723,8.584511,10.73534,6.989912,5.349455,4.989833,9.984728,3.240134,7.837721,3.349696,2.189992,4.510664,5.378448,5.976051,7.349125,1.715374,1.940934,5.678497,0.8614038,5.875788,5.562724,5.60495,9.719716,6.411369,2.415597,8.799136,1.30396,9.051126,3.022649,4.494055,6.742145,6.676032,9.62559,8.051044,5.670126,5.464126,4.521401,9.0481,3.689002,2.251928,2.688371,9.355771,0.6249224,10.72572,8.512978,5.80524,3.52018,3.39368,9.951777,0.9421966,9.770344,6.117893,5.845095,8.108817,8.878458,2.299289,0.7941394,5.428864,8.320705,3.597609,6.933395,6.708638,1.634597,
25,6.352702,2.016992,3.414424,3.321537,6.38858,4.644548,3.735977,3.710586,3.206377,3.585178,6.707046,5.193486,3.397217,5.984508,3.920412,5.836764,7.217735,6.154708,3.393871,4.857864,4.894884,3.6485,5.827878,4.925195,0,5.162899,3.01911,4.220152,1.62212,3.256201,2.769073,2.723376,1.911639,5.292526,2.99094,5.514737,4.880088,7.637708,3.681276,6.387943,3.014549,4.745018,4.606947,5.945918,2.600902,2.943494,2.981753,4.211127,1.193124,4.813426,2.171835,6.550779,6.615265,5.624609,2.278702,4.334466,2.349275,3.71028,7.065396,5.512567,1.765819,2.565348,4.86505,5.073627,5.650979,2.709042,5.768013,1.817246,3.743479,5.628046,3.314539,3.383877,3.318274,0.7028458,4.781968,5.832508,2.772953,2.858717,4.431758,5.42772,6.244031,5.288678,4.637047,6.643289,3.401622,5.165058,5.677049,5.595378,5.518406,7.612011,4.121562,4.386561,3.378972,4.596516,1.959576,4.120646,1.949018,4.548935,1.998727,6.557531,
26,1.681809,6.086266,4.523056,7.146559,3.851872,3.732013,8.502142,7.000919,6.254616,3.102627,2.48782,0.3631427,8.136323,4.218666,6.962028,0.7903878,3.253517,1.111412,8.54897,8.422956,8.710159,7.807842,2.664907,3.258917,5.162899,0,8.000487,8.571236,6.317747,1.936891,2.427135,7.86471,3.545441,5.243937,8.127345,4.88197,8.869451,3.755474,8.564343,9.211975,5.694983,2.558121,2.217366,8.245282,5.116945,7.457443,2.199173,1.323838,5.508748,2.556931,4.897161,4.27003,3.771908,1.729552,6.958053,3.742555,7.113686,3.407104,2.437167,8.155508,6.928702,3.848475,7.118043,2.017404,6.9562,2.474751,1.235215,6.676767,4.760367,7.890555,7.304708,3.735417,3.543159,5.199761,7.617961,0.6823499,2.984021,2.421217,9.035745,3.779157,9.351203,6.382443,3.156564,1.620145,1.813041,9.092974,2.978815,8.171382,3.129108,2.806993,6.579882,9.547299,4.639001,2.49529,6.629647,9.256598,5.047256,4.620651,6.160331,4.079362,
27,8.950565,2.217802,4.764202,2.287543,9.36277,7.560459,0.9159452,3.013524,3.170597,5.690488,9.11903,7.968341,0.767017,7.616495,3.341805,8.596063,9.478883,9.051175,1.176894,3.229671,2.974937,1.88533,8.845604,7.899607,3.01911,8.000487,0,1.871928,1.705641,6.177142,5.576078,0.8585177,4.930592,6.305971,1.790409,6.758121,2.765212,9.819897,0.7068967,4.99387,3.505151,6.944211,6.930652,5.114893,5.110956,1.193023,5.807405,7.179688,3.512614,7.011356,3.53546,8.264585,9.60541,8.627872,3.110179,7.242099,2.963272,5.646743,9.587766,4.536461,1.611558,5.492859,4.489347,8.091129,5.675788,5.640045,8.391628,1.326085,4.918466,4.933585,2.059709,5.205939,5.258416,3.386227,3.927042,8.640988,5.790956,5.834273,1.682504,8.36513,4.638909,5.599544,6.609973,9.553026,6.188717,3.035216,8.68397,4.648465,7.534094,10.17142,3.967477,1.977023,6.07544,7.611587,3.093838,2.330976,4.514769,5.820995,2.111876,9.520232,
28,9.209824,2.516549,4.542486,1.515078,10.56019,8.859482,1.049522,2.031049,2.597564,5.795494,9.197112,8.461593,1.108007,7.202583,2.300227,9.044666,9.412947,9.673244,2.910835,1.508078,1.149255,0.784596,9.883062,9.105916,4.220152,8.571236,1.871928,0,2.600231,6.952906,6.252859,2.730404,6.032887,5.627599,3.650684,6.171767,0.8981276,9.6756,1.405231,3.214602,3.13287,6.983934,7.067145,3.554364,6.655078,1.276699,6.485532,7.996683,5.038631,7.044485,3.691764,7.85974,10.76268,9.50562,4.917725,8.551886,4.788124,5.643157,9.747759,2.967097,3.325986,6.784155,3.262603,9.065377,4.498991,6.463187,8.701347,2.445973,4.555475,3.460156,1.302775,5.195654,5.316032,4.774074,2.5245,9.148877,6.881449,6.723743,0.7002833,9.632318,2.81412,4.595062,6.517046,10.18432,6.796391,1.163328,9.792936,3.080492,7.391374,10.34693,3.003754,3.354832,7.54786,8.690971,4.852654,3.985106,6.017771,5.364516,2.460949,10.74007,
29,7.245286,0.7876848,3.23514,1.823992,7.974634,6.259454,2.219648,2.370571,2.110424,4.016839,7.427304,6.273599,1.859943,6.081282,2.647761,6.897733,7.810094,7.38255,2.539397,3.317883,3.30523,2.039839,7.34481,6.515877,1.62212,6.317747,1.705641,2.600231,0,4.537761,3.902807,1.857912,3.453142,4.954,2.599164,5.332842,3.268558,8.167128,2.248426,4.951508,2.205023,5.270401,5.240182,4.685585,4.137566,1.324833,4.136272,5.56218,2.558061,5.338304,1.918168,6.714187,8.186984,7.042818,2.929012,5.951654,2.882195,4.001142,7.886632,4.183457,1.46147,4.184134,3.745968,6.55123,4.758762,4.013506,6.685994,0.4034942,3.453743,4.409299,1.760956,3.572775,3.603782,2.21582,3.46266,6.949939,4.310765,4.237773,2.857904,7.034783,4.747401,4.532589,4.973377,7.888092,4.504755,3.555842,7.22884,4.279793,5.899652,8.468549,3.05825,3.518939,4.980698,6.132824,2.731008,3.578769,3.486834,4.359597,0.6949793,8.15046,
30,3.365719,4.436398,3.553894,5.630411,4.031666,2.976908,6.7543,5.632452,4.897544,2.412187,3.954214,2.036711,6.391438,4.535976,5.667052,2.671143,4.629564,2.898627,6.650058,7.042671,7.261268,6.224792,3.080501,2.812699,3.256201,1.936891,6.177142,6.952906,4.537761,0,0.7475969,5.975683,1.629197,4.901135,6.198318,4.74846,7.370654,5.118,6.779293,8.104036,4.385239,2.755224,2.427625,7.27403,3.385977,5.762516,0.5543962,1.044806,3.580137,2.80078,3.432697,4.853534,4.124892,2.559825,5.033173,2.822096,5.184555,2.753432,4.133131,7.062644,5.017599,2.146298,6.092353,2.216102,6.255661,0.5472189,2.789266,4.869365,3.884442,6.912579,5.749715,2.862693,2.655303,3.262901,6.431612,2.618147,1.270638,0.5216212,7.34725,3.437614,8.152924,5.710338,3.100239,3.389837,0.6343563,7.619605,3.130159,7.101865,3.602563,4.606666,5.440546,7.641236,3.163643,2.100268,4.702066,7.326042,3.201715,4.123561,4.494013,4.251782,
31,3.608999,3.738925,2.84208,4.903734,4.761158,3.584609,6.104715,4.888497,4.151877,1.82855,4.057143,2.428283,5.739728,4.151303,4.919958,3.070184,4.658139,3.479765,6.134474,6.301458,6.527608,5.513721,3.827688,3.4925,2.769073,2.427135,5.576078,6.252859,3.902807,0.7475969,0,5.44553,1.533754,4.300906,5.757311,4.210775,6.644571,5.121956,6.15123,7.358092,3.637714,2.465291,2.19525,6.53758,3.469981,5.086338,0.2345222,1.773911,3.314795,2.522766,2.690979,4.549919,4.864827,3.289093,4.758579,3.390838,4.889928,2.1526,4.345058,6.318219,4.529366,2.345641,5.354211,2.963653,5.558777,0.52812,3.021196,4.254469,3.183661,6.176383,5.030957,2.191751,1.99056,2.917864,5.684456,3.081149,1.592088,0.8454154,6.671662,4.115084,7.405327,5.02315,2.676005,3.985504,0.6326331,6.889875,3.867842,6.358629,3.329091,4.870708,4.696147,7.136874,3.464196,2.81668,4.420669,6.887862,3.149227,3.503504,3.802602,4.978477,
32,8.950654,2.563215,5.088733,2.982124,8.883076,7.042902,1.75177,3.695588,3.72281,5.835809,9.200999,7.871511,1.624205,7.938582,4.020119,8.51074,9.621436,8.8739,0.7019003,4.061749,3.826085,2.688954,8.456906,7.430198,2.723376,7.86471,0.8585177,2.730404,1.857912,5.975683,5.44553,0,4.585107,6.760863,0.9557997,7.167189,3.622813,9.993313,1.475333,5.827103,3.962254,7.083151,7.02567,5.887481,4.479597,1.912085,5.668427,6.933039,2.940853,7.151708,3.775472,8.572099,9.145212,8.325966,2.311249,6.722382,2.149637,5.842453,9.625704,5.318201,1.019959,5.015507,5.17698,7.745705,6.322182,5.429115,8.376395,1.46233,5.293305,5.683687,2.779831,5.421261,5.441415,2.926134,4.676902,8.526004,5.425629,5.581071,2.502199,7.856571,5.484889,6.189382,6.816323,9.364869,6.074628,3.893648,8.25875,5.428435,7.741592,10.1952,4.594226,1.708302,5.47454,7.216299,2.340782,1.736424,3.924808,6.201613,2.455611,9.027084,
33,4.9852,3.61217,3.78252,4.926319,4.527344,2.893057,5.632713,5.132648,4.475081,3.179996,5.52591,3.665179,5.286245,5.615731,5.259093,4.296474,6.161184,4.42195,5.223573,6.446589,6.567078,5.388109,3.916862,3.076596,1.911639,3.545441,4.930592,6.032887,3.453142,1.629197,1.533754,4.585107,0,5.506793,4.679552,5.52414,6.605589,6.634287,5.59081,7.783395,4.082428,3.98846,3.728075,7.135744,1.952236,4.769228,1.638298,2.411156,1.966215,4.047911,3.057809,6.052871,4.734057,3.74259,3.41267,2.609237,3.570002,3.454383,5.747477,6.804971,3.581287,1.006878,5.966074,3.167073,6.443818,1.153196,4.403455,3.705657,4.150856,6.786171,4.9807,3.341844,3.177111,1.712531,6.103403,4.227482,0.8629043,1.12455,6.306859,3.6246,7.729789,5.964759,4.139585,4.884205,2.045393,6.879635,3.778339,6.867722,4.849487,6.232468,5.237964,6.186163,2.139251,2.688995,3.0852,5.794027,1.621658,4.695588,3.634948,4.708976,
34,4.859531,4.200884,1.878661,4.216301,8.796319,7.868822,6.206545,3.597755,3.165426,2.489939,4.416389,4.938645,5.918655,1.755896,3.334232,5.236538,4.30896,6.217516,7.389373,4.637931,5.088692,4.919174,7.692664,7.702981,5.292526,5.243937,6.305971,5.627599,4.954,4.901135,4.300906,6.760863,5.506793,0,7.553165,0.598517,5.389597,4.413108,6.472362,4.59255,2.807398,2.704837,3.028909,3.472612,7.354703,5.185689,4.392224,5.622447,6.431236,2.719442,3.182566,2.363167,8.813972,6.874002,7.517152,7.688618,7.54663,2.152786,5.069428,3.646894,6.363821,6.490707,2.678102,6.864069,1.909008,4.824946,4.595364,5.320071,1.557155,3.180655,4.468113,2.166711,2.343203,5.907811,3.457258,5.483217,5.867045,5.145945,6.309974,8.326262,4.913145,1.387961,2.08922,6.652424,4.309767,5.480446,7.871136,3.608007,2.471936,5.626173,2.639657,8.282214,7.636246,6.953808,7.221425,8.497149,6.827597,0.8115413,4.307516,9.02557,
35,9.341967,3.364407,5.808338,3.921622,8.717092,6.846611,2.633523,4.627161,4.600711,6.401346,9.669615,8.175419,2.555226,8.625402,4.948731,8.819324,10.1433,9.079645,0.9037848,5.013349,4.765057,3.644494,8.415801,7.295571,2.99094,8.127345,1.790409,3.650684,2.599164,6.198318,5.757311,0.9557997,4.679552,7.553165,0,7.924868,4.54797,10.54075,2.315831,6.778747,4.786475,7.625029,7.528717,6.839741,4.165222,2.863679,5.965858,7.085931,2.811726,7.69401,4.463955,9.242943,9.003161,8.393953,1.750121,6.528152,1.554145,6.450344,10.04865,6.27224,1.280686,4.920956,6.10456,7.767984,7.228355,5.65449,8.758048,2.242949,6.04533,6.63096,3.726568,6.052199,6.045704,2.967078,5.625325,8.803128,5.46804,5.754566,3.346365,7.661834,6.42918,7.067232,7.41965,9.553695,6.389237,4.812003,8.172608,6.382173,8.336089,10.60006,5.498888,1.588794,5.182184,7.183299,1.908117,1.130765,3.702347,6.947201,3.260934,8.841188,
36,4.360259,4.605079,2.137993,4.732869,8.538617,7.724995,6.709245,4.141047,3.660645,2.384067,3.867595,4.559247,6.40982,1.159704,3.890446,4.804567,3.725268,5.807802,7.813111,5.222724,5.669027,5.44799,7.408099,7.514394,5.514737,4.88197,6.758121,6.171767,5.332842,4.74846,4.210775,7.167189,5.52414,0.598517,7.924868,0,5.965006,3.817648,6.962467,5.18456,3.254315,2.323973,2.671745,4.060966,7.422789,5.665908,4.271661,5.382622,6.614573,2.326133,3.486737,1.765787,8.534313,6.554991,7.773346,7.565354,7.816758,2.077331,4.523925,4.244967,6.706169,6.481759,3.274643,6.60077,2.48097,4.738882,4.139036,5.712141,1.87966,3.774549,4.982598,2.214904,2.355777,6.093484,4.049439,5.064326,5.79984,5.045816,6.847074,8.13283,5.510259,1.978611,1.74881,6.223268,4.13269,6.0631,7.615048,4.205229,1.956856,5.069781,3.204772,8.728637,7.625682,6.746916,7.466442,8.901937,6.929633,0.983089,4.713134,8.769154,
37,9.354738,2.999118,4.593668,1.740844,11.11848,9.475624,1.941278,1.946614,2.657181,5.946045,9.256419,8.726269,1.998615,7.057572,2.113727,9.280046,9.399916,9.980027,3.804731,0.8204532,0.3458532,1.231642,10.37504,9.67951,4.880088,8.869451,2.765212,0.8981276,3.268558,7.370654,6.644571,3.622813,6.605589,5.389597,4.54797,5.965006,0,9.620945,2.292139,2.361261,3.225927,7.06761,7.194597,2.853006,7.393817,2.005141,6.871852,8.413615,5.790182,7.123492,3.981683,7.705383,11.30151,9.929935,5.773671,9.175346,5.651847,5.748049,9.838452,2.285808,4.166296,7.419593,2.819504,9.537433,4.016956,6.911829,8.877548,3.189166,4.534165,2.826542,1.634344,5.316027,5.463247,5.482085,2.019387,9.410065,7.433237,7.194636,1.411727,10.22836,1.933506,4.214002,6.549562,10.48958,7.144597,0.2904015,10.31757,2.394185,7.377102,10.43765,2.765438,4.196245,8.24917,9.213306,5.68996,4.862907,6.747096,5.254674,2.970938,11.30727,
38,2.137185,7.611651,5.151576,8.166409,7.412794,7.485545,10.00642,7.701468,7.07804,4.157549,1.269407,3.427264,9.66499,2.657944,7.507353,3.090663,0.5038152,3.963352,10.69077,8.934126,9.353158,8.903971,6.243292,7.009723,7.637708,3.755474,9.819897,9.6756,8.167128,5.118,5.121956,9.993313,6.634287,4.413108,10.54075,3.817648,9.620945,0,10.19221,9.001211,6.553778,2.916572,3.031335,7.874863,8.499747,8.905733,4.996212,4.99119,8.403845,2.847629,6.2846,2.104318,7.250268,5.286467,9.817796,7.481874,9.929091,4.173272,1.580081,8.057251,9.260324,7.263247,7.063051,5.738574,6.281166,5.492744,2.523567,8.570457,5.121127,7.59217,8.396797,4.614992,4.565047,7.961457,7.809035,3.370684,6.380873,5.628465,10.30213,7.506834,9.325716,5.795784,3.21372,4.101608,4.594874,9.755132,6.625219,8.020591,2.298832,1.784036,6.874984,11.68315,8.225409,6.250756,9.479742,11.63794,8.255642,4.369543,7.714799,7.625858,
39,9.438191,2.600274,5.068862,2.288174,10.04852,8.255411,0.359034,2.990145,3.307252,6.111521,9.556008,8.513037,0.5537314,7.888361,3.310323,9.132204,9.874187,9.630977,1.516902,2.886142,2.554159,1.699263,9.507616,8.584511,3.681276,8.564343,0.7068967,1.405231,2.248426,6.779293,6.15123,1.475333,5.59081,6.472362,2.315831,6.962467,2.292139,10.19221,0,4.617589,3.726678,7.357269,7.372301,4.883832,5.817852,1.30332,6.384657,7.795663,4.218399,7.422936,3.933001,8.543675,10.28632,9.260852,3.77901,7.937718,3.622485,6.03421,10.05025,4.295647,2.316393,6.1833,4.411865,8.740686,5.635823,6.249282,8.890527,1.912479,5.178356,4.747089,2.037145,5.585624,5.659793,4.080392,3.760653,9.192125,6.453255,6.458832,1.033806,9.057744,4.218639,5.631399,6.979451,10.13644,6.7517,2.536389,9.356798,4.409471,7.895015,10.64037,3.986646,1.996765,6.781251,8.277731,3.781995,2.581082,5.220691,6.0617,2.503493,10.20882,
40,9.270905,4.373465,4.691456,3.127803,12.09375,10.65723,4.259521,2.684733,3.308552,6.110096,8.951671,8.987096,4.241826,6.343828,2.524969,9.438196,8.898705,10.29988,6.106103,1.76544,2.066479,3.151597,11.18376,10.73534,6.387943,9.211975,4.99387,3.214602,4.951508,8.104036,7.358092,5.827103,7.783395,4.59255,6.778747,5.18456,2.361261,9.001211,4.617589,0,3.74631,6.957178,7.188621,1.132936,8.988811,3.980335,7.555757,9.090969,7.479413,6.996556,4.760802,6.921297,12.21728,10.56749,7.780279,10.38626,7.689902,5.817287,9.591392,1.056825,6.170669,8.724272,2.10006,10.31792,2.73889,7.752593,8.898184,5.029893,4.458301,1.414248,3.221447,5.477694,5.673872,7.070839,1.68738,9.630949,8.51345,8.075826,3.771697,11.33275,0.5130962,3.205965,6.349072,10.78764,7.712522,2.18131,11.21847,1.044679,6.986386,10.16798,2.667714,6.55529,9.709874,10.14205,7.634659,7.198656,8.336747,4.826473,4.40219,12.30366,
41,6.131672,1.423509,1.409672,1.617999,8.34995,6.927514,3.496589,1.307952,0.5691031,2.720119,6.071586,5.52845,3.178273,4.164102,1.286285,6.065692,6.281434,6.805664,4.58258,2.727984,3.032411,2.354082,7.463515,6.989912,3.014549,5.694983,3.505151,3.13287,2.205023,4.385239,3.637714,3.962254,4.082428,2.807398,4.786475,3.254315,3.225927,6.553778,3.726678,3.74631,0,3.86403,3.973169,3.055557,5.515271,2.423926,3.846048,5.39734,4.205038,3.922762,1.026065,4.820786,8.480016,6.898839,5.000938,6.664764,4.990843,2.530804,6.635069,2.734387,3.659012,5.057001,1.900687,6.600863,2.651835,4.011008,5.651655,2.543527,1.457843,2.709996,1.843457,2.092664,2.237348,3.713158,2.060272,6.207335,4.777581,4.331638,3.748382,7.589711,3.768511,2.352174,3.38427,7.311475,4.049532,3.42542,7.481026,2.791221,4.262533,7.23484,1.160002,5.478803,6.108119,6.398977,4.747211,5.696714,4.888548,2.335291,1.525736,8.55872,
42,2.327131,4.758487,2.473963,5.471859,6.266206,5.643661,7.198552,5.121632,4.424043,1.25423,2.21527,2.239603,6.84643,1.80627,4.992807,2.5447,2.540121,3.51298,7.782267,6.4771,6.842925,6.199971,5.114295,5.349455,4.745018,2.558121,6.944211,6.983934,5.270401,2.755224,2.465291,7.083151,3.98846,2.704837,7.625029,2.323973,7.06761,2.916572,7.357269,6.957178,3.86403,0,0.3630108,5.912509,5.934033,6.09533,2.419128,3.166482,5.589179,0.06898141,3.424691,2.102757,6.240901,4.239846,6.966021,5.53198,7.065272,1.341936,2.772124,5.919481,6.344436,4.794461,4.867691,4.333643,4.500968,2.94216,1.946765,5.672665,2.575056,5.573088,5.682578,1.792228,1.698147,5.119364,5.49065,2.781941,3.976992,3.178705,7.566438,5.952011,7.172186,3.930263,0.6270203,3.953973,2.125473,7.244358,5.349158,5.915319,0.8642649,3.371804,4.46542,8.778691,5.883472,4.561212,6.630407,8.721405,5.582867,2.166415,4.85786,6.49715,
43,2.160554,4.772999,2.616412,5.562886,5.904021,5.291137,7.229781,5.254411,4.539621,1.274254,2.188385,1.910408,6.873018,2.163266,5.145502,2.26336,2.615615,3.202376,7.726991,6.632641,6.98281,6.282618,4.753999,4.989833,4.606947,2.217366,6.930652,7.067145,5.240182,2.427625,2.19525,7.02567,3.728075,3.028909,7.528717,2.671745,7.194597,3.031335,7.372301,7.188621,3.973169,0.3630108,0,6.163056,5.662575,6.129781,2.126427,2.80511,5.395735,0.3887666,3.445783,2.427205,5.880768,3.885052,6.794744,5.184829,6.90206,1.447813,2.688202,6.14323,6.250557,4.499642,5.091479,3.970918,4.78816,2.649804,1.71743,5.639474,2.760684,5.818346,5.764424,1.880631,1.751159,4.940423,5.684692,2.483811,3.666711,2.869162,7.630052,5.591035,7.384817,4.215049,0.9398572,3.657038,1.805077,7.381935,4.986529,6.144428,1.175093,3.285,4.650455,8.72896,5.57394,4.200693,6.457376,8.636055,5.33669,2.444952,4.868823,6.134969,
44,8.208772,3.995911,3.764093,2.948217,11.29818,9.959441,4.529866,2.315416,2.742984,5.148847,7.856538,8.001842,4.420459,5.218939,2.047786,8.423981,7.781519,9.316866,6.281562,2.063618,2.509749,3.233904,10.33711,9.984728,5.945918,8.245282,5.114893,3.554364,4.685585,7.27403,6.53758,5.887481,7.135744,3.472612,6.839741,4.060966,2.853006,7.874863,4.883832,1.132936,3.055557,5.912509,6.163056,0,8.519022,3.976087,6.72019,8.225192,7.099526,5.947982,4.07804,5.790831,11.39883,9.671136,7.60534,9.704658,7.542319,4.838178,8.50113,0.5888091,6.043868,8.112534,1.1857,9.470778,1.605962,6.968879,7.859019,4.851492,3.490296,0.361581,3.119411,4.535518,4.739338,6.646649,1.232005,8.629571,7.807331,7.300093,4.209766,10.59492,1.533259,2.084688,5.295196,9.795444,6.834778,2.774886,10.40385,0.4749393,5.892265,9.072145,1.897781,6.878124,9.155936,9.349888,7.416578,7.421065,7.877873,3.757768,4.050175,11.5142,
